"location","text"
"Virtut._1","περί@r-------- δικαιοσύνη@n-s---fg- καί@c-------- ὁ@l-p---ng- κατά@r-------- αὐτός@p-s---fa- ὅσος@a-p---na- καίριος@a-p---na- πρότερος@a-s---na- εἶπον@v-sapamn- μέτειμι@v1spia--- ὁ@l-p---ng- ἑξῆς@d-------- ἐπί@r-------- ἀνδρεία@n-s---fa- οὐ@d-------- ὅς@p-p---ng- ὁ@l-p---mn- πολύς@a-p---mn- νομίζω@v3ppia--- ὁ@l-s---fa- ἀρειμάνιος@n-s---fa- λύττα@n-s---fa- ὀργή@n-s---fd- σύμβουλος@n-s---md- χράω@v-sppefa- ἀλλά@c-------- ὁ@l-s---fa- ἐπιστήμη@n-s---fa-"
"Virtut._2","θράσος@n-s---nd- μέν@d-------- γάρ@d-------- ἐπαίρω@v-pppemn- τις@p-p---mn- συμπράσσω@v-sppafg- σωματικός@a-s---fg- ἰσχύς@n-s---fg- τάσσω@v-pappmn- κατά@r-------- πόλεμος@n-s---ma- ἐν@r-------- ὁ@l-p---fd- πανοπλία@n-p---fd- ἡβηδόν@d-------- μυρίος@a-p---ma- ὅσος@a-p---ma- ὁ@l-p---mg- ἀντίπαλος@a-p---mg- καταβάλλω@v3paia--- ἀνοίκειος@a-s---na- μέν@d-------- εὔφημος@a-s---na- δέ@c-------- ἀριστεία@n-s---fg- ὄνομα@n-s---na- καρπόω@v-papmmn- διαφερόντως@d-------- ὑπό@r-------- ὁ@l-p---mg- ὁ@l-p---na- τοιοῦτος@p-p---na- κρίνω@v-pppamg- εὐκλεής@a-p---mn- νίκη@n-s---fd- νομίζω@v-pappmn- ἄγριος@a-p---mn- καί@c-------- θηριώδης@a-p---mn- ἐκ@r-------- φύσις@n-s---fg- καί@c-------- μελέτη@n-s---fg- γίγνομαι@v-prpamn- αἷμα@n-s---ng- ἀνθρώπειος@a-s---ng- δεδιψάω@v-prpamn-"
"Virtut._3","εἰμί@v3ppia--- δέ@d-------- ὅς@p-p---mn- καί@d-------- ἐν@r-------- οἰκία@n-s---fd- διατρίβω@v-pppamn- ὁ@l-p---ng- σῶμα@n-p---ng- αὐτός@p-p---md- ἤ1@d-------- μακρός@a-p---fd- νόσος@n-p---fd- ἤ1@c-------- ἐπίπονος@a-s---nd- γῆρας@n-s---nd- κατασκελετεύω@v-prpeng- ὑγιαίνω@v-pppamn- καί@c-------- νεάζω@v-pppamn- ὁ@l-s---nd- κρατύς@a-s---ndc μέρος@n-s---nd- ὁ@l-s---fg- ψυχή@n-s---fg- μεστός@a-p---mn- τε@d-------- φρόνημα@n-s---ng- καί@c-------- θαρσαλέος@a-s---fgs γέμω@v-pppamn- εὐτολμία@n-s---fg- ἀμυντήριος@a-p---ng- ὅπλον@n-p---ng- μη@d-------- δέ@c-------- ὄναρ@c-------- ψαύω@v-pppamn- βούλευμα@n-p---ng- ἀγαθός@a-p---ng- κοινωφελής@a-s---fas εἰσήγησις@v3sasa--- ὁ@l-p---na- τε@d-------- ἴδιος@a-p---na- ἕκαστος@a-p---ng- καί@c-------- ὁ@l-p---na- κοινός@a-p---na- ὁ@l-p---fg- πατρίς@n-p---fg- πίπτω@v-papana- πολλάκις@d-------- ἐπανορθόω@v3paia--- ἀνένδοτος@a-p---md- καί@c-------- ἀκαμπής@a-p---md- χράω2@v-papmmn- ὁ@l-p---md- περί@r-------- ὁ@l-s---ng- συμφέρω@v-sppang- λογισμός@n-p---md-"
"Virtut._4","οὗτος@p-p---mn- μέν@d-------- οὖν@d-------- ὁ@l-s---fa- ἀληθής@a-s---fa- διαπονέω@v3ppia--- ἀνδρεία@n-s---fa- ἀσκητής@n-p---mn- σοφία@n-s---fg- εἰμί@v-pppamn- ἐκεῖνος@p-p---mn- δέ@c-------- ὁ@l-s---fa- ψευδώνυμος@a-s---fa- ἀμαθία@n-s---fd- νόσος@n-s---fd- δυσθεραπεύτως@a-s---fd- βιάω@v-pppamn- ὅς@p-s---fa- θρασύτης@n-s---fa- κύριος@d-------- ἄν@d-------- τις@p-s---mn- προσαγορεύω@v3saoa--- ὥσπερ@c-------- φημί@v3ppia--- ἐν@r-------- ὁ@l-p---nd- νόμισμα@n-p---nd- ὁ@l-s---na- παράσημον@a-s---na- ἐμφέρεια@n-s---fa- ὁ@l-s---fg- ἀληθής@a-s---fg- εἰκών@n-s---fg-"
"Virtut._5","οὐ@d-------- ὀλίγος@a-p---nn- μέντοι@d-------- καί@d-------- ἄλλος@p-p---nn- δυσυπομόνητος@a-p---nn- ὁ@l-p---ng- κατά@r-------- ὁ@l-s---ma- ἀνθρώπινος@a-s---ma- βίος@n-s---ma- ὁμολογέω@v3srie--- πενία@n-s---fn- καί@d-------- ἀδοξία@n-s---fn- καί@d-------- πήρωσις@n-s---fn- καί@c-------- νόσος@n-p---fg- ἰδέα@n-p---fn- πολύτροπος@a-p---fn- πρός@r-------- ὅς@p-p---fa- ὁ@l-p---mn- μέν@d-------- ὀλιγόφρων@a-p---mnc μαλακίζομαι@v3ppie--- μη@d-------- δέ@c-------- ὅσος@a-s---na- ὑπό@r-------- ’@r-------- ἀτολμία@n-s---fg- ἐγείρω@v--anp--- δύναμαι@v-pppemn- ὅσος@a-p---mn- δέ@c-------- φρόνησις@n-s---fg- ὑπόπλεος@a-s---md- καί@c-------- γενναιότης@n-s---fg- ἐπαποδύω@v3ppie--- καρτερός@d-------- καί@c-------- σφόδρα@d-------- ἐρρωμένος@d-------- ἀντιφιλονεικέω@v-pppamn- ὁ@l-p---fa- ἀπειλή@n-p---fa- καί@c-------- ἐπίτασις@n-p---fa- αὐτός@p-p---mg- πολύς@a-s---ma- γέλως@n-s---ma- καί@c-------- χλεύη@n-s---fa- τίθημι@v-pppemn- πενία@n-s---fd- μέν@d-------- πλοῦτος1@n-s---ma- ἀντιτάσσω@v-pppamn- οὐ@d-------- ὁ@l-s---ma- τυφλός@a-s---ma- ἀλλά@c-------- ὁ@l-s---ma- ὀξύς@a-s---na- καθοράω@v-sppama- ὅς@p-s---mg- ὁ@l-p---na- ἄγαλμα@n-p---na- καί@c-------- κειμήλιον@a-p---na- ψυχή@n-s---fn- φύω@v3sria--- ταμιεύω@v--pna---"
"Virtut._6","μυρίος@a-p---ma- γάρ@d-------- πενία@n-s---fn- καταγωνίζομαι@v3saia--- ὅς@p-p---mn- τρόπος@n-s---ma- ἀθλητής@n-p---mg- ἀπολέγω@v-prpamg- ὑπό@r-------- ἀνανδρία@n-s---fg- καταπίπτω@v3paia--- μαλακίζομαι@v-pappmn- ἐνδεής@a-s---mn- δέ@d-------- παρά@r-------- ἀλήθεια@n-s---fd- δικάζω@v-sppafd- ὁ@l-s---na- παράπαν@d-------- οὐ@d-------- δέ@d-------- εἷς@a-s---mn- εἰμί@v3spia--- χορηγός@n-s---ma- ἔχω@v-sppamn- ὁ@l-s---ma- ὁ@l-s---fg- φύσις@n-s---fg- ἀκαθαίρετος@a-s---ma- πλοῦτος1@n-s---ma- ἀήρ@n-s---ma- μέν@d-------- ὁ@l-s---fa- πρῶτος@a-s---fa- καί@c-------- ἀναγκαῖος@a-s---fas καί@c-------- συνεχής@a-s---fa- τροφή@n-s---fa- ἀδιάστατος@d-------- μετά@r-------- ἡμέρα@n-s---fa- τε@c-------- καί@c-------- νύκτωρ@d-------- ἀναπνέω@v-sppema- ἔπειτα@d-------- δέ@d-------- πηγή@n-p---fa- ἄφθονος@a-p---fa- καί@c-------- ποταμός@n-p---mg- οὐ@d-------- χειμάρρους@a-p---mg- μόνος@a-s---na- ἀλλά@c-------- καί@d-------- αὐθιγενής@a-p---mg- ῥεῖθρον@n-p---na- ἀέναος@a-p---na- πρός@r-------- ποτόν@n-s---ng- χρῆσις@n-s---fa- ἔπειτα@c-------- εἰς@r-------- ἐδωδή@n-s---fa- φορά@n-p---fa- παντοῖος@a-p---mg- καρπός1@n-p---mg- καί@c-------- δένδρον@n-p---ng- ἰδέα@n-p---fa- ὅς@p-p---fn- ὁ@l-p---fa- ἐτήσιος@a-p---fa- ὀπώρα@n-p---fa- ἀεί@d-------- φέρω@v3ppia--- οὗτος@p-p---mg- γάρ@d-------- ἄπορος@a-s---mn- οὐδείς@p-s---mn- ἀλλά@c-------- πᾶς@a-p---mn- ὁ@l-p---mn- πανταχοῦ@d-------- πολύς@a-s---fa- ἄγω@v3ppia--- περιουσία@n-s---fa-"
"Virtut._7","εἰ@c-------- δέ@d-------- τις@p-p---cn- ὁ@l-s---ma- ὁ@l-s---fg- φύσις@n-s---fg- πλοῦτος1@n-s---ma- παρά@r-------- οὐδείς@p-s---na- τίθημι@v-papmmn- ὁ@l-s---ma- ὁ@l-p---mg- κενός@a-p---mg- δόξα@n-p---mg- διώκω@v3ppia--- τυφλός@a-s---nd- πρό@r-------- βλέπω@v-sppamg- σκηρίπτομαι@v-pppemn- καί@c-------- ἡγεμών@n-s---md- ὁ@l-s---fg-"
"Virtut._8","ὁδός@n-s---fg- χράομαι@v-pppemn- πηρόω@v-srpemd- πίπτω@v--pna--- ἐκ@r-------- ἀνάγκη@n-s---fg- ὀφείλω@v3ppia--- ὁ@l-s---mn- μέν@d-------- δή@d-------- σῶμα@n-s---ng- δορυφόρος@a-s---mn- πλοῦτος@n-s---mn- φύσις@n-s---fg- εὕρημα@n-s---nn- καί@c-------- δῶρον@n-s---nn- εἰμί@p-p---ng- ἤδη@d-------- λέγω@v3srie--- ὁ@l-s---ma- δέ@d-------- σεμνός@a-s---mac ὅς@p-s---mn- οὐ@d-------- πᾶς@a-p---md- ἀλλά@c-------- ὁ@l-p---md- ἀληθής@d-------- σεμνός@a-p---md- καί@c-------- θεσπέσιος@a-p---md- ἀνήρ@n-p---md- πρόσειμι@v3spia--- μηνυτέος@a-s---nn- οὗτος@a-s---ma- ὁ@l-s---ma- πλοῦτος1@n-s---ma- σοφία@n-s---fn- χορηγέω@v3spia--- διά@r-------- λογικός@a-p---ng- καί@d-------- ἠθικός@a-p---ng- καί@d-------- φυσικός@a-p---ng- δόγμα@n-p---ng- καί@c-------- θεώρημα@n-p---ng- ἐκ@r-------- ὅς@p-p---ng- φύω@v--pne--- ὁ@l-p---fa- ἀρετή@n-p---fa- συμβαίνω@v3sria--- ὅς@p-p---fn- ὁ@l-s---fg- ψυχή@n-s---fg- ὑποτέμνω@v3ppie--- ὁ@l-s---fa- πολυτέλεια@n-s---fa- εὐκολία@n-s---fg- καί@c-------- ὀλιγοδεΐα@n-s---fg- ἔρως@n-p---ma- ἐντίκτομαι@v-pppafn- κατά@r-------- ὁ@l-s---fa- πρός@r-------- θεός@n-s---ma- ἐξομοίωσις@n-s---fa-"
"Virtut._9","εἰμί@v3spia--- γάρ@d-------- ὁ@l-s---mn- μέν@d-------- θεός@n-s---mn- ἐπιδεής@a-s---mn- οὐδείς@p-s---ng- χρέος@a-s---mn- εἰμί@v-sppamn- ἀλλά@c-------- ’@c-------- αὐτός@p-s---mn- αὐτάρκης@a-s---mns ἑαυτοῦ@p-s---md- ὁ@l-s---mn- δέ@d-------- φαῦλος@a-s---mn- πολυδεής@a-s---mn- ἀεί@d-------- διψάω@v-sppamn- ὁ@l-p---mg- ἄπειμι1@v-pppamg- ἄπληστος@a-s---mg- καί@c-------- ἄπληστος@a-s---mg- χάρις@r-------- ἐπιθυμία@n-s---fg- ὅς@p-s---fa- πῦρ@n-s---ng- τρόπος@n-s---ma- ἀναρριπίζω@v-sppamn- καί@c-------- ἀναφλέγω@v-sppamn- ἐπί@r-------- πᾶς@a-p---na- μικρός@a-p---na- τε@d-------- αὖ@d-------- καί@c-------- μέγας@a-p---na- τείνω@v3spia--- ὁ@l-s---mn- δέ@d-------- σπουδαῖος@a-s---mn- ὀλιγοδεής@a-s---mn- ἀθάνατος@a-s---fg- καί@c-------- θνητός@a-s---fg- φύσις@n-s---fg- μεθόριος@a-s---mn- ὁ@l-s---na- μέν@d-------- ἐπιδεής@a-s---na- ἔχω@v-sppamn- διά@r-------- σῶμα@n-s---na- θνητός@a-s---na- ὁ@l-s---na- δέ@d-------- μή@d-------- πολυδεής@a-s---na- διά@r-------- ψυχή@n-s---fa- ἐφίημι@v-srpefa- ἀθανασία@n-s---fg-"
"Virtut._10","οὕτως@d-------- μέν@d-------- πενία@n-s---fd- πλοῦτος1@n-s---ma- ἀντιτάσσω@v3ppia--- ἀδοξία@n-s---fd- δέ@g-------- εὔκλεια@n-s---fa- ὁ@l-s---mn- γάρ@d-------- ἔπαινος@n-s---mn- ὁρμητήριον@n-s---na- ἔχω@v-sppamn- καί@d-------- αλοκἀγαθία@n-s---fa- καί@c-------- ὥσπερ@c-------- ἀπό@r-------- ἀέναος@a-s---fg- πηγή@n-s---fg- ἐκεῖθεν@d-------- ῥέω@v-sppamn- ἀνύποπτος@a-p---mg- ἄνθρωπος@n-p---mg- οὐ@d-------- ἐνομιλέω@v3spia--- πλῆθος@n-p---nd- ὁ@l-p---fa- ὁ@l-s---fg- ψυχή@n-s---fg- ἀνωμαλία@n-p---fa- ἀβέβαιος@a-p---fd- φωνή@n-p---fd- ἀπογυμνόω@v--pna--- ἔθω@v-prpamg- ὅς@p-p---fa- εἰμί@v3spia--- ὅτε@c-------- λῆμμα@n-p---ng- αἰσχρός@a-p---ng- ἐπευωνίζω@v-pppamn- οὐ@d-------- ἐρυθριάω@v3ppia--- κατά@r-------- ὁ@l-p---mg- ἀριστίνδην@d-------- ἐπιλέγω@v-pppemg- ὀλίγος@a-s---mn- δέ@d-------- οὗτος@p-p---mg- ἀριθμός@n-s---mn- εἰμί@v3spia--- ἀρετή@n-s---fn- γάρ@g-------- οὐ@d-------- πολύχους@a-s---fa- ἐν@r-------- θνητός@a-s---nd- γένος@n-s---nd-"
"Virtut._11","πηρόω@n-s---fd- γε@d-------- μήν@d-------- αἴσθησις@n-p---fg- ὅς@p-s---fd- συνοικέω@v-pppamn- ἔτι@d-------- μυρίος@a-p---mn- προτελευτάω@v3paia--- ὁ@l-s---nd- μηδείς@p-s---na- ἀλεξίκακος@a-s---na- εὑρίσκω@v--ana--- δύναμαι@v--pne--- φάρμακον@n-s---na- ἀντικάθημαι@v3spie--- φρόνησις@n-s---fn- ὁ@l-s---nn- κρατιστεύω@v-sppann- ὁ@l-p---mg- ἐν@r-------- ἐγώ@p1p---md- ἐνομματέω@v-sppafn- διάνοια@n-s---fa- ὅς@p-s---fn- πρός@r-------- ὀξυωπία@n-s---fa- ὁ@l-p---mg- σῶμα@n-s---ng- ὀφθαλμός@n-p---mg- ὅλος@a-s---md- φημί@v3ppia--- καί@c-------- ὁ@l-s---nd- πᾶς@a-s---nd- διαφέρω@v3sria---"
"Virtut._12","ὁ@l-p---mn- μέν@d-------- γάρ@d-------- ὁ@l-p---fa- ἐπιφάνεια@n-p---fa- ὁ@l-p---mg- ὁρατός@n-p---mg- θεάομαι@v3ppie--- ἅμα@d-------- δέω2@v-pppemn- φώς@n-s---ng- ἔξωθεν@d-------- ὁ@l-s---fn- δέ@d-------- καί@c-------- διά@r-------- βάθος@n-s---ng- χωρέω@v3spia--- ὁ@l-p---ng- σῶμα@n-p---ng- ὅλος@a-p---na- διά@r-------- ὅλος@a-p---ng- κατά@r-------- ἕκαστος@a-p---na- ὁ@l-p---ng- μέρος@n-p---ng- ἀκριβόω@v-sppafn- καί@c-------- περιαθρέω@v-sppafn- καί@c-------- ὁ@l-p---fa- ὁ@l-p---ng- ἀσώματος@a-p---ng- φύσις@n-p---fa- ὅς@p-p---fa- ἐπισκοπέω@v--pna--- αἴσθησις@n-s---fn- ἀδυνατέω@v3spia--- σχεδόν@d-------- γάρ@d-------- πᾶς@a-s---fa- ὀξυωπία@n-s---fa- ὀφθαλμός@n-s---mg- καταλαμβάνω@v3spia--- μή@d-------- προσδέομαι@v-sppefn- νόθος@a-s---mg- φώς@n-s---mg- ἀστήρ@n-s---fn- εἰμί@v-sppafn- αὐτός@p-s---fn- καί@d-------- σχεδόν@d-------- τις@a-s---na- ὁ@l-p---ng- ἐπουράνιος@a-p---mg- ἀπεικόνισμα@n-s---na- καί@c-------- μίμημα@n-s---nn-"
"Virtut._13","νόσος@n-p---fn- γε@g-------- μήν@g-------- σῶμα@n-p---ng- ὑγιαίνω@v-sppafg- ψυχή@n-s---fg- ἥκιστος@a-p---nas βλάπτω@v3ppia--- ὑγεία@n-s---fn- δέ@d-------- ψυχή@n-s---fg- εὐκρασία@n-s---fn- δύναμις@n-p---fg- εἰμί@v3spia--- ὁ@l-s---fg- τε@d-------- κατά@r-------- ὁ@l-s---ma- θυμός@n-s---ma- καί@c-------- ὁ@l-s---fa- ἐπιθυμία@n-s---fa- καί@c-------- ὁ@l-s---ma- λόγος@n-s---ma- ἐπικρατέω@v-sppafg- ὁ@l-s---fg- λογικός@a-s---fg- καί@c-------- ὥσπερ@c-------- ἀφηνιαστής@n-p---ma- ἵππος@n-p---ma- ἡνιοχέω@v-sppafg- ἑκάτερος@a-s---fg-"
"Virtut._14","ὄνομα@n-s---nn- οὗτος@p-s---fg- ἴδιος@a-s---nn- ὁ@l-s---fg- ὑγεία@n-s---fg- εἰμί@v3spia--- σωφροσύνη@n-s---fn- σωτηρία@n-s---fa- ὁ@l-s---md- φρονέω@v-sppamd- ὁ@l-p---mg- ἐν@r-------- ἐγώ@p1p---cd- ἀπεργάζομαι@v-sppefn- κινδυνεύω@v-sppann- γάρ@d-------- αὐτός@p-s---na- πολλάκις@d-------- ὑπό@r-------- ὁ@l-s---fg- ὁ@l-p---ng- πάθος@n-p---ng- φορά@n-s---fg- κατακλύζω@v--pne--- ὑποβρύχιος@a-s---nn- οὐ@d-------- ἐάω@v3spia--- χωρέω@v--pna--- ἀλλά@c-------- ἀνέλκω@v3spia--- καί@c-------- μετέωρος@a-s---ma- ἐξαίρω@v3spia--- ψυχόω@v-sppafn- καί@c-------- ζῳογονέω@v-sppafn- καί@c-------- τρόπος@n-s---ma- τις@p-s---ca- ἀπογαθανατίζω@v-sppafn-"
"Virtut._15","πᾶς@a-p---nn- δέ@d-------- ὁ@l-p---nn- ἐρῶ@v-prpenn- ὑφήγησις@n-p---fn- εἰμί@v3ppia--- καί@c-------- διδασκαλία@n-p---fn- πολλαχοῦ@d-------- ὁ@l-s---fg- νομοθεσία@n-s---fg- ἐστηλιτεύω@v-prpefn- ὁ@l-p---ma- μέν@d-------- εὐπειθής@a-p---ma- μαλακός@a-s---nac ἀναπείθω@v-pppafn- ὁ@l-p---ma- δέ@c-------- ἀπειθής@a-p---mac ἐμβριθής@a-s---nac καταφρονέω@v--pna--- ὁ@l-p---ng- περί@r-------- σῶμα@n-s---na- καί@c-------- ἐκτός@d-------- εἷς@a-s---na- μέν@d-------- τέλος@n-s---na- ἡγέομαι@v-pppema- ὁ@l-s---na- κατά@r-------- ἀρετή@n-s---fa- βιόω@v-sppana- ζηλόω@v-pppama- δέ@d-------- καί@d-------- ὁ@l-p---na- ἄλλος@p-p---na- ὅσος@a-p---nn- ἀγωγός@a-p---nn- πρός@r-------- οὗτος@p-s---na-"
"Virtut._16","καί@d-------- εἰ@c-------- γε@d-------- μή@d-------- διά@r-------- ὁ@l-p---ng- πρότερος@a-p---ng- τυγχάνω@v1siia--- ἕκαστος@a-p---na- διεξέρχομαι@v-srpamn- ὁ@l-p---ng- εἰς@r-------- ἀτυφία@n-s---fa- πειράω@v1siie--- ἄν@d-------- ἀπομηκύνω@v--pna--- ἐν@r-------- ὁ@l-s---nd- πάρειμι1@v-sppand- συνυφαίνω@v-sppamn- καί@c-------- συνείρω@v-sppamn- ὁ@l-p---na- δοκέω@v-pppana- σποράδην@d-------- κεῖμαι@v--pne--- ἐν@r-------- τόπος@n-p---md- διαφέρω@v-pppamd-"
"Virtut._17","ἐρῶ@v-srpamn- δέ@d-------- ὅσος@p-p---na- καιρός@n-s---mn- παλιλλογέω@v--pna--- οὐ@d-------- δικαιόω@v1spia--- ὁ@l-p---ma- μέντοι@d-------- μή@d-------- ἀποκνέω@v-pppama- ἀλλά@c-------- διά@r-------- σπουδή@n-s---fg- τίθημι@v-pppema- ἐντυγχάνω@v--pna--- ὁ@l-p---fd- πρό@r-------- οὗτος@p-p---ng- βίβλος@n-p---fd- δεῖ@v3spia--- νοέω@v--ana--- ὅτι@c-------- πᾶς@a-p---nn- ὁ@l-p---nn- περί@r-------- ἀτυφία@n-s---fg- λέγω3@v-pappnn- σχεδόν@d-------- εἰμί@v3spia--- περί@r-------- ἀνδρεία@n-s---fg- ἐπεί@c-------- εὔτονος@a-s---fg- καί@d-------- γενναῖος@a-s---fg- καί@c-------- σφόδρα@d-------- νευρόω@v-srpefg- ψυχή@n-s---fg- εἰμί@v3spia--- καταφρονέω@v--ana--- πᾶς@a-p---ng- ὅσος@p-p---na- τῦφος@n-s---mn- ἔθω@v3sria--- σεμνοποιέω@v--pna--- ἐπί@r-------- διαφθορά@n-s---fd- ὁ@l-s---ng- πρός@r-------- ἀλήθεια@n-s---fa- βίος@n-s---mg-"
"Virtut._18","τοσοῦτος@a-s---fn- δέ@d-------- τις@a-s---fn- εἰμί@v3spia--- ὁ@l-s---md- νόμος@n-s---md- σπουδή@n-s---fn- καί@c-------- φιλοτιμία@n-s---fn- περί@r-------- ὁ@l-s---ng- γυμνάζω@v--ana--- καί@c-------- συγκροτέω@v--ana--- ψυχή@n-s---fa- πρός@r-------- ἀνδρεία@n-s---fa- ὥστε@c-------- καί@d-------- περί@r-------- ἔσθημα@n-p---ng- ὁποῖος@a-p---na- χρή@v3siia--- ἀμπέχω@v--pne--- διατάσσω@v3saim--- ἀπεῖπον@v-sapamn- ἀνά@r-------- κράτος@n-s---na- ἀνήρ@n-s---md- γυνή@n-s---fg- ἀμπεχόνη@n-s---fa- ἀναλαμβάνω@v--pna--- ἕνεκα@r-------- ὁ@l-s---ng- μηδείς@a-s---na- ἴχνος@n-s---na- ἤ1@c-------- σκιά@n-s---fa- αὐτός@a-s---na- μόνος@a-s---na- ὁ@l-s---ng- θῆλυς@n-s---ng- ἐπί@r-------- λύμη@n-s---fd- ὁ@l-s---fg- ἄρσην@n-s---fg- γενεά@n-s---fg- προσάπτω@v--anm--- βούλομαι@v3spie--- γάρ@d-------- ἕπομαι@v-sppemn- ἀεί@d-------- ὁ@l-s---fd- φύσις@n-s---fd- ὁ@l-p---na- οἰκεῖος@a-p---na- καί@c-------- συνῳδός@a-p---na- ἀλλήλων@p-p---nd- ἄχρι@r-------- ὁ@l-p---mg- ἔσχατος@a-p---mg- καί@c-------- διά@r-------- εὐτέλεια@n-s---fa- ἀφανής@a-p---mgc εἰμί@v--pna--- δοκέω@v-pppang- νομοθετέω@v--pna---"
"Virtut._19","ἐπεί@c-------- γάρ@d-------- τύπος@n-p---ma- σῶμα@n-p---ng- ὁράω@v3siia--- καθά@c-------- ἐπί@r-------- πλάτος@n-s---ng- χαράσσω@v-pappma- ἀνόμοιος@a-p---ma- ἀνήρ@n-s---mg- τε@c-------- αὖ@d-------- καί@c-------- γυνή@n-s---fg- καί@c-------- βίος@n-s---ma- ἑκάτερος@a-s---md- ὁ@l-p---mg- εἶδος@v-sppamn- οὐ@d-------- ὁ@l-s---ma- αὐτός@p-s---ma- ἀπονέμω@v-sappma- ὁ@l-s---md- μέν@d-------- γάρ@d-------- ὁ@l-s---mn- κατοικίδιος@a-s---mn- ὁ@l-s---md- δέ@d-------- ὁ@l-s---mn- πολιτικός@a-s---mn- κληρόω@v3srie--- καί@c-------- ἐν@r-------- ὁ@l-p---nd- ἄλλος@p-p---nd- ὅσος@a-p---nn- μή@d-------- φύσις@n-s---fg- μέν@d-------- ἔργον@n-p---nn- εἰμί@v3siia--- φύσις@n-s---fd- δέ@c-------- ἀκόλουθος@a-p---nn- γνώμη@n-s---fg- ἀγαθός@a-s---fg- εὕρημα@n-p---nn- συμφέρω@v-sppana- κρίνω@v3saia--- διατάσσω@v--anm--- οὗτος@p-p---nn- δ@d-------- ’@d-------- εἰμί@v3siia--- ὁ@l-p---nn- περί@r-------- δίαιτα@n-s---fa- καί@d-------- ἀμπεχόνη@n-s---fa- καί@c-------- εἰ@c-------- τις@p-s---nn- ὁμοιότροπος@a-s---nn-"
"Virtut._20","ἀρρενόω@v--rne--- γάρ@d-------- ὁ@l-s---ma- γε@d-------- πρός@r-------- ἀλήθεια@n-s---fa- ἀνήρ@n-s---ma- καί@d-------- ἐν@r-------- οὗτος@p-p---nd- ἀξιόω@v3saia--- καί@c-------- μάλιστα@d-------- ἐν@r-------- ἔσθημα@n-p---nd- ὅς@p-p---na- ἐπιφέρω@v-sppemn- ἀεί@d-------- μετά@r-------- ἡμέρα@n-s---fa- τε@d-------- καί@c-------- νύκτωρ@d-------- ὀφείλω@v3spia--- μηδείς@p-s---na- ἔχω@v--pna--- ἀνανδρία@n-s---fg- ὑπόμνημα@n-s---na-"
"Virtut._21","κατά@r-------- ὁ@l-p---na- αὐτός@p-p---na- μέντοι@d-------- καί@d-------- ὁ@l-s---fa- γυνή@n-s---fa- ἀσκέω@v-sapamn- ὁ@l-p---md- ἁρμόζω@v-pppamd- κόσμος@n-p---md- κωλύω@v3saia--- ἀναλαμβάνω@v--pna--- ἀνήρ@n-s---mg- ἐσθής@n-s---fa- πρόσωθεν@d-------- ὡς@c-------- ἀνδρογύνης@a-p---ma- οὕτως@d-------- καί@c-------- ἄνανδρος@n-p---ma- φυλάζω@v-sapmmn- εἷς@m-s---mg- γάρ@d-------- καθά@c-------- ἐν@r-------- ὁ@l-p---fd- οἰκοδομία@n-p---fd- ὑφαιρέω@v-sappmg- οἶδα@v3slia--- καί@c-------- ὁ@l-p---na- ἄλλος@p-p---na- μένω@v-pppana- οὐ@d-------- ἐν@r-------- ὅμοιος@a-s---nd-"
"Virtut._22","ἔτι@c-------- τοίνυν@d-------- ὁ@l-p---ng- ἀνθρώπειος@a-p---ng- πρᾶγμα@n-p---ng- δύο@a-p---md- καιρός@n-p---md- ἐμφερόμενος@v-pppeng- εἰρήνη@n-s---fd- τε@d-------- καί@c-------- πόλεμος@n-s---md- ὁ@l-p---fa- ἀρετή@n-p---fa- εἰμί@v3spia--- εἶδον@v--ana--- ἐν@r-------- ἀμφότερος@a-p---nd- ἐξετάζω@v-pppefa- περί@r-------- μέν@d-------- οὖν@d-------- ὁ@l-p---ng- ἄλλος@p-p---ng- λέγω@n-p---mn- πρότερος@a-s---na- καί@c-------- αὖθις@d-------- εἰ@c-------- γίγνομαι@v3saom--- τις@a-s---fn- χρεία@n-s---fn- λέγω3@v3sfip--- ὁ@l-p---na- δέ@d-------- νῦν@d-------- ἀνδρεία@n-s---fa- οὐ@d-------- πάρεργος@d-------- ἐξεταστέος@a-s---nn- ὅς@p-s---fg- ὁ@l-p---na- μέν@d-------- κατά@r-------- εἰρήνη@n-s---fa- ἔργον@n-p---nn- πολλαχοῦ@d-------- ὁ@l-s---fg- νομοθεσία@n-s---fg- ὑμνέω@v3saia--- ἀεί@d-------- ὁ@l-p---mg- καιρός@n-p---mg- στοχάζομαι@v-sppemn- περί@r-------- ὅς@p-p---mg- ἐν@r-------- ὁ@l-p---md- οἰκεῖος@a-p---md- τόπος@n-p---md- ὑπομιμνήσκω@v1paia--- ὁ@l-p---ng- δέ@c-------- κατά@r-------- πόλεμος@n-s---ma- ἐνθένδε@d-------- ποιέω@v1pfim--- ὁ@l-s---fa- ἀρχή@n-s---fa- ἐκεῖνος@p-s---na- προλέγω@v-papamn-"
"Virtut._23","ὅταν@c-------- ποιέω@v3spse--- ὁ@l-s---ma- στρατιωτικός@a-s---ma- κατάλογος@n-s---ma- οὐ@d-------- ἅπας@a-s---fa- ὁ@l-s---fa- νεότης@n-s---fa- καλέω@v--pna--- οἴομαι@v3spie--- δεῖ@v--pna--- ἀλλά@c-------- εἰμί@v3spia--- ὅς@p-p---ma- παραιτέομαι@v3spie--- προστίθημι@v-sppamn- αἰτία@n-p---fa- εὔλογος@a-p---fa- ὁ@l-s---fg- ἀστρατεία@n-s---fg- αὐτίκα@d-------- ὁ@l-p---ma- δείδω@v-prpama- καί@c-------- δειλός@a-p---ma- μέλλω@v-pfpama- ὑπό@r-------- ὁ@l-s---fg- ἔμφυτος@a-s---fg- μαλακία@n-s---fg- ἁλίσκομαι@v--pne--- καί@c-------- δέος@n-s---na- ὁ@l-p---md- ἄλλος@a-p---md- σύμμαχος@n-p---md- ἐμποιέω@v--pna---"
"Virtut._24","ὁ@l-s---na- γάρ@d-------- ἕτερος@a-s---ng- κακός@a-s---na- εὖ@d-------- πως@d-------- ὁ@l-s---mn- πλησίος@d-------- ἀναμίσγω@v--pne--- φιλέω@v3spia--- καί@d-------- μάλιστα@d-------- ἐν@r-------- πόλεμος@n-s---md- ὁ@l-s---mg- λογισμός@n-s---mg- διά@r-------- ὁ@l-s---fa- ἀγωνία@n-s---fa- συγχέω@v-sppemg- καί@c-------- ὁ@l-p---fa- ὁ@l-p---ng- πρᾶγμα@n-p---ng- ἀντίληψις@n-p---fa- ἀκριβόω@v--pna--- ἀδυνατόω@v-sppamg- τότε@d-------- γάρ@d-------- εὐλάβεια@n-s---fa- μέν@d-------- ὁ@l-s---fa- δειλία@n-s---fa- ὁ@l-s---na- δέ@d-------- φοβέω@v--pne--- προμηθεύς@a-s---na- ἀσφάλεια@n-s---fa- δέ@c-------- ὁ@l-s---fa- ἀνανδρία@n-s---fa- ἔθω@v3pria--- καλέω@v--pna--- αἰσχρός@a-p---nas ἔργον@n-p---na- εὐπρεπής@a-p---fd- καί@c-------- σεμνός@a-p---fd- ἐπίκλησις@n-p---fd- ἐπαμπίσχω@v-pppamn-"
"Virtut._25","ὅπως@c-------- οὖν@d-------- μή@d-------- ὁ@l-p---nn- μέν@d-------- οἰκεῖος@a-p---nn- βλάπτω@v3spse--- διά@r-------- ὁ@l-s---fg- ὁ@l-p---mg- εἰς@r-------- ὁ@l-s---ma- πόλεμος@n-s---ma- εἶμι@v-pppamg- ἀνανδρία@n-s---fg- ἐπικυδής@a-p---nnc δέ@c-------- γίγνομαι@v3spse--- ὁ@l-p---nn- ὁ@l-p---mg- ἐχθρός@a-p---mg- αἱρέω@v-pppamg- καταφρονητικός@d-------- ὁ@l-p---ma- ἀγεννής@a-p---ma- ὄχλος@n-s---ma- ἀργός2@a-s---ma- οἶδα@v-srpamn- οὐ@d-------- ὠφέλιμος@a-s---ma- ἀλλά@c-------- ἐμπόδιος@a-s---ma- εἰς@r-------- κατόρθωμα@n-s---na- ἀνείργω@v3saia--- ὁ@l-p---ma- ἄτολμος@a-p---ma- καί@c-------- ἀναπίπτω@v-pppama- δειλία@n-s---fd- καθά@c-------- οἴομαι@v1spie--- καί@d-------- ὁ@l-p---md- ὁ@l-p---na- σῶμα@n-p---na- νοσέω@v-pppamd- στρατηγός@n-s---mn- οὐδείς@p-s---mn- ἀνάγκη@n-s---fa- ἐπιτίθημι@v3spia--- πολεμέω@v--pna--- ὑποπαραιτέομαι@v-sppefg- ἀσθένεια@n-s---fg-"
"Virtut._26","νόσος@n-s---fn- δέ@d-------- τις@p-s---cn- καί@c-------- ὁ@l-s---fn- δειλία@n-s---fn- βαρύς@a-s---fnc ὁ@l-p---fg- κατά@r-------- ὁ@l-s---na- σῶμα@n-s---na- ὁ@l-p---fa- ψυχή@n-s---fg- δύναμις@n-p---fa- καθαιρέω@v-sppafn- ὁ@l-p---fg- μέν@d-------- γάρ@d-------- βραχύς@a-s---ma- εἰμί@v--pna--- συμβαίνω@v3spia--- ὁ@l-s---ma- χρόνος@n-s---ma- ὁ@l-s---fg- ἀκμή@n-s---fg- ὁ@l-s---fn- δέ@c-------- εἰμί@v3spia--- κακός@a-s---nn- σύντροφος@n-s---nn- μᾶλλον@d-------c ἤ1@c-------- οὐ@d-------- ἥσσων@a-s---nac ὁ@l-p---ng- ἑνόω@v-prpeng- μέρος@n-p---ng- προσπεφυκός@v-srpann- ἐκ@r-------- πρῶτος@a-s---fg- ἡλικία@n-s---fg- ἄχρι@r-------- πανύστατος@a-s---ng- γῆρας@n-s---ng- εἰ@c-------- μή@d-------- τυγχάνω@v3saoa--- θεός@n-s---mn- ἰάομαι@v-sppemn- πᾶς@a-p---nn- γάρ@g-------- θεός@n-s---md- δυνατός@a-p---nn-"
"Virtut._27","καί@c-------- μήν@d-------- οὐ@d-------- δέ@c-------- ἅπας@a-p---ma- ὁ@l-p---ma- εὔοπλος@a-p---mas καλέω@v3spia--- καί@d-------- ἄν@c-------- σφόδρα@d-------- ἐρρωμένος@v-prpemn- κατά@r-------- ἑκάτερος@a-s---na- σῶμα@n-s---na- καί@c-------- ψυχή@n-s---fa- προαγωνίζομαι@v--pne--- καί@c-------- προκινδυνεύω@v--pna--- ἐθέλω@v3ppsa--- ἀλλά@c-------- ὁ@l-s---fg- γνώμη@n-s---fg- αὐτός@p-p---ma- ἐπαινέω@v-sapamn- ὅτι@c-------- κοινωνικός@a-s---na- καί@c-------- πρόθυμος@a-s---na- καί@c-------- ἀκατάπληκτος@a-s---na- ἦθος@n-s---na- ἐπιδείκνυμι@v3ppie--- διερευνάω@v3sfia--- μή@c-------- τις@p-p---fd- ἀναγκαῖος@n-p---fd- αἰτία@n-p---fd- ἐνδέω1@v3prie--- ὅς@p-p---fg- ὁλκός@a-s---fn- ὁ@l-s---fn- δύναμις@n-s---fn-"
"Virtut._28","εἰ@c-------- γάρ@d-------- τις@p-s---mn- φημί@v3spia--- νεωστί@d-------- κτίζω@v-sapmmn- οἰκία@n-s---fa- οὐ@d-------- φθάνω@v3saia--- εἰσοικίζω@v--anm--- ἤ1@c-------- ἀμπελών@n-s---ma- φυτεύω@v-sapamn- νεόφυτος@a-s---ma- αὐτός@a-s---mn- εἰς@r-------- γῆ@n-s---fa- ὁ@l-p---na- κλῆμα@n-p---na- καθίημι@v-sapamn- μήπω@d-------- ὁ@l-s---fg- ἐπικαρπία@n-s---fg- καιρός@n-s---ma- ἔχω@v3saia--- ἤ1@c-------- παρθένος@n-s---fa- ἐνεγγυάω@v-sapmmn- οὐ@d-------- γαμέω@v3saia--- ἀφίημι@v3spme--- πᾶς@a-s---fg- στρατεία@n-s---fg- φιλάνθρωπος@d-------- ὁμοῦ@d-------- καί@c-------- στρατηγικός@d--------"
"Virtut._29","ὁ@l-s---fa- ἄδεια@n-s---fa- εὑρίσκω@v-sppemn- ἕνεκα@r-------- δύο@a-d---ng- εἷς@n-s---ng- μέν@d-------- ἵνα@c-------- ἐπεί@c-------- ὁ@l-p---nn- κατά@r-------- πόλεμος@n-p---ma- ἄδηλος@a-p---nn- μή@d-------- ὁ@l-p---na- ὁ@l-p---mg- πονέω@v-papamg- ἀταλαιπώρως@d-------- ἄλλος@p-p---mn- λαμβάνω@v3ppsa--- χαλεπός@a-s---na- γάρ@d-------- δοκέω@v3saia--- εἰμί@v--pna--- ὁ@l-p---mg- ἴδιος@a-p---mg- τις@p-s---ma- μή@d-------- ἀπονίναμαι@v--anm--- δύναμαι@v--anp--- ἀλλά@c-------- ’@c-------- οἰκοδομέω@v--pna--- μέν@d-------- ἕτερος@a-s---ma- ἐνοικέω@v--pna--- δέ@d-------- ἄλλος@p-s---ma- καί@d-------- φυτεύω@v--pna--- μέν@d-------- τις@p-s---ma- ὁ@l-s---ma- δέ@d-------- μή@d-------- φυτεύω@v-sapama- καρπόω@v--pne--- καί@c-------- μνάομαι@v--pne--- μέν@d-------- ἄλλος@p-s---ma- γαμέω@v--pna--- δέ@d-------- ὁ@l-s---ma- μή@d-------- μνάομαι@v-sppema- ὡς@c-------- οὐ@d-------- δεῖ@v--pna--- ἀτελής@a-p---fa- ὁ@l-p---fa- ἐλπίς@n-p---fa- κατασκευάζω@v--pna--- ὁ@l-p---md- χρηστός@a-p---na- ὁ@l-p---na- κατά@r-------- ὁ@l-s---ma- βίος@n-s---ma- προσδοκέω@v-papamd-"
"Virtut._30","ἕτερος@a-s---ng- δέ@d-------- ἵνα@c-------- μή@d-------- σῶμα@n-s---nd- στρατεύω@v-pppemn- ὁ@l-p---fd- ψυχή@n-p---fd- ὑστερίζω@v3ppsa--- ἀνάγκη@n-s---fn- γάρ@d-------- αὐτός@p-p---mg- ὁ@l-s---fa- διάνοια@n-s---fa- ἐκεῖ@d-------- τείνω@v--rne--- πόθος@n-s---md- ὁ@l-s---fg- ἀπόλαυσις@n-s---fg- ὅς@p-s---fa- ἀφειλέω@v3paip--- ὡς@c-------- γάρ@d-------- ὁ@l-p---mn- πεινάω@v-pppamn- ἤ1@c-------- διψάω@v-pppamn- ὅταν@c-------- σιτίον@n-s---nn- ἤ1@c-------- ποτός@n-s---nn- πού@d-------- παραφαίνω@v3spsa--- διώκω@v3ppia--- καί@c-------- ἐπιτρέχω@v3ppia--- ἀμεταστρεπτί@d-------- γλίχομαι@v-pppemn- μεταλαμβάνω@v--ana--- οὕτως@d-------- ὁ@l-p---mn- περί@r-------- νόμιμος@a-s---fg- γυνή@n-s---fg- ἤ1@c-------- οἰκία@n-s---fg- ἤ1@c-------- χωρίον@n-s---ng- κτῆσις@n-s---fg- πονέω@v-pappmn- καί@c-------- ὅσος@a-s---na- οὔπω@d-------- ὁ@l-s---fd- ἐλπίς@n-s---fd- νομίζω@v-pppamn- εἰς@r-------- ὁ@l-s---ma- ἕκαστος@a-s---mg- ὁ@l-s---fg- χρῆσις@n-s---fg- ἀφικνέομαι@v--rne--- καιρός@n-s---ma- ὅταν@c-------- ἀφαιρέω@v3pasp--- ὁ@l-s---fa- ἀπόλαυσις@n-s---fa- σφαδάζω@v3ppia--- ὡς@c-------- πάρειμι1@v-pppama- μή@d-------- πάρειμι@v--pna--- ὁ@l-s---nd- κρατύς@a-s---ndc μέρος@n-s---nd- ψυχή@n-s---fd-"
"Virtut._31","διά@r-------- ὅς@p-s---ng- συμβαίνω@v3spia--- κατορθόω@v--pna--- ἤ1@c-------- ὁ@l-s---na- ἐναντίος@a-s---na- οὗτος@p-p---ma- οὖν@d-------- καί@c-------- ὁ@l-p---ma- ὅμοιος@a-p---ma- οὐ@d-------- οἴομαι@v3spie--- δεῖ@v--pna--- εἰς@r-------- ὁ@l-s---ma- στρατιωτικός@a-s---ma- ἄγω@v--pna--- κατάλογος@n-s---ma- ἀλλά@c-------- ὅς@p-p---md- οὐδείς@a-s---na- προενέρχομαι@a-s---mn- ὑποικουρέω@v3spia--- πάθος@n-s---nn- ὅπως@c-------- ἐλεύθερος@a-p---fd- καί@c-------- ἄφετος@a-p---fd- ὁρμή@n-p---fd- ἀπροφάσιστος@d-------- ὁ@l-p---nd- δεινός@a-p---nd- ἐπαποδύω@v3ppse--- καθά@c-------- γάρ@d-------- πανοπλία@n-s---fg- οὐδείς@p-s---nn- ὄφελος@n-s---nn- ἀσθενής@a-s---nd- σῶμα@n-s---nd- ἤ1@c-------- πηρόω@v-srpemd- ὅς@p-p---ng- ἀδυνατέω@v--pna--- ἀπορρίπτω@v2sfim--- ὁ@l-s---ma- αὐτός@p-s---ma- τρόπος@n-s---ma- ἐρρωμένος@v-srpenn- σῶμα@n-s---nn- φθείρω@v3sfia--- τις@a-s---na- κηραίνω@v-sppafg- πάθος@n-s---na- ψυχή@n-s---fg- μή@d-------- συνᾴδω@v-sppana- ὁ@l-p---nd- πάρειμι1@v-pppamd-"
"Virtut._32","εἰς@r-------- ὅσπερ@p-p---na- ἀπορέω@v-sapamn- οὐ@d-------- μόνος@a-s---na- λοχαγός@n-p---ma- καί@c-------- στρατηγός@n-p---ma- καί@c-------- ὁ@l-p---ma- ἄλλος@p-p---ma- ὁ@l-s---fg- στρατιά@n-s---fg- ἡγεμών@n-p---ma- ἀλλά@c-------- καί@d-------- ὁ@l-p---mg- στρατιώτης@n-p---mg- ἕκαστος@a-s---ma- ἐπικρίνω@v3spia--- δοκιμάζω@v-sppamn- πῶς@d-------- ἔχω@v3spia--- πρός@r-------- τε@c-------- σῶμα@n-s---ng- εὐεξία@n-s---fa- καί@c-------- πρός@r-------- εὐστάθεια@n-s---fa- λογισμός@n-s---mg- σῶμα@n-s---na- μέν@d-------- ἐξετάζω@v-sppamn- εἰ@c-------- ὁλόκληρος@a-s---na- εἰ@c-------- ὑγιαίνω@a-s---na- ὅλος@a-s---na- διά@r-------- ὅλος@a-p---ng- εἰ@c-------- ὁ@l-p---nd- μέρος@n-p---nd- καί@c-------- μέλος@n-p---nd- πᾶς@a-p---nd- εὖ@d-------- ἁρμόζω@v-srpena- πρός@r-------- ὁ@l-p---fa- ἐπιβάλλω@v-pppafa- ἕκαστος@a-s---md- σχέσις@n-p---fa- τε@c-------- καί@c-------- κίνησις@n-p---fa- ψυχή@n-s---fa- δέ@c-------- εἰ@c-------- θαρραλεότης@n-s---fg- καί@c-------- εὐτολμία@n-s---fg- ἀνάπλεος@n-s---fg- εἰ@c-------- ἀκατάπληκτος@a-s---fn- καί@c-------- μεστός@a-s---fn- φρόνησις@n-s---fg- εὐγενής@a-s---fg- εἰ@c-------- φιλότιμος@a-s---fn- καί@c-------- ζωή@n-s---fg- ἄδοξος@a-s---fg- ὁ@l-s---ma- σύν@r-------- εὔκλεια@n-s---fd- θάνατος@n-s---ma- προκρίνω@v-sppafn-"
"Virtut._33","οὗτος@p-p---ng- γάρ@d-------- ἕκαστος@a-s---nn- ἴδιος@a-s---fd- κατά@r-------- ἑαυτοῦ@p-s---na- εἰ@c-------- δεῖ@v3spia--- ὁ@l-s---na- ἀληθής@a-s---na- εἶπον@v--ana--- δύναμις@n-s---fn- εἰμί@v3spia--- ἀθρόος@a-p---na- δέ@d-------- εἰ@c-------- συνέρχομαι@v3paoa--- ῥώμη@n-s---fa- ἄμαχος@a-s---fa- τις@a-s---fa- καί@c-------- ἀνανταγώνιστος@a-s---fa- ἐκ@r-------- πολύς@a-s---ng- ὁ@l-s---ng- περίειμι1@v-sppang- ἐπιδείκνυμι@v3pfim--- κρατέω@v-pppamn- ἀναιμωτί@d-------- ὁ@l-p---mg- πολέμιος@n-p---mg-"
"Virtut._34","ὁ@l-p---ng- δέ@d-------- λέγω3@v-pappng- σαφής@a-s---fas πίστις@n-s---fa- ὁ@l-p---fn- ἱερός@a-p---fn- βίβλος@n-p---fn- περιέχω@v3ppia--- ἔθνος@n-s---nn- πολυάνθρωπος@a-s---nns εἰμί@v3spia--- ἄραψ@n-p---mn- ὅς@p-p---md- ὄνομα@n-s---nn- παλαιός@a-s---nn- εἰμί@v3siia--- μαδιηναῖος@n-p---mn- οὗτος@p-p---mn- πρός@r-------- ἑβραῖος@n-p---ma- φιλαπεχθημόνως@d-------- ἔχω@v-pppamn- οὐδείς@p-s---ng- ἕνεκα@r-------- ἕτερος@a-s---ng- μᾶλλον@d-------- ἤ1@c-------- ὅτι@c-------- ὁ@l-s---na- ἄνω@d-------s καί@c-------- πρέσβυς@a-s---nas αἴτιος@a-s---na- σέβω@v3ppia--- καί@c-------- τιμάω@v3ppsa--- ὁ@l-s---md- ποιητής@n-s---md- καί@c-------- πατήρ@n-s---md- ὁ@l-p---ng- ὅλος@a-p---ng- κληρόω@v-prpemn- καί@d-------- πᾶς@a-p---fa- μέν@d-------- μηχανή@n-p---fa- τεχνάζω@v-pppamn- πᾶς@a-p---fa- δέ@c-------- πεῖρα@n-p---fa- καθίημι@v-pppamn- ἵνα@c-------- ἀπό@r-------- ὁ@l-s---fg- ὁ@l-s---ng- εἷς@a-s---mg- καί@c-------- ὄντως@d-------- εἰμί@v-sppang- τιμή@n-s---fg- αὐτός@p-p---ma- ἀφεστήξω@v3pasa--- καί@c-------- μεθαρμόζω@v3pasm--- πρός@r-------- ἀσέβεια@n-s---fa- ἐκ@r-------- ὁσιότης@n-s---fg- οὕτως@d-------- γάρ@d-------- περίειμι1@v--fnm--- ῥᾴδιος@d-------- ὑπολαμβάνω@v3piia--- ἐπεί@c-------- μυρίος@a-p---na- καί@d-------- λέγω3@v-pppamn- καί@c-------- δράω@v-pppamn- ἀπολέγω@v3plia--- ὥσπερ@c-------- ὁ@l-p---mn- θανατάω@v-papamn- ἐπί@r-------- ὅς@a-p---fg- ἀπογιγνώσκω@v3ppia--- σωτηρία@n-p---fa- καί@c-------- τις@a-s---na- τοιοῦτος@a-s---na- ἐπινοέω@v3ppia--- στρατήγημα@n-s---na-"
"Virtut._35","γυνή@n-p---fg- ὁ@l-p---fa- περικαλλής@a-p---fas μεταπέμπω@v--ana--- φημί@v3ppia--- αὐτός@p-p---fd- ὁράω@v2ppma--- ὡς@c-------- ἀπερίληπτος@a-s---fn- εἰμί@v3spia--- ὁ@l-s---fn- ὁ@l-p---mg- ἑβραῖος@n-p---mg- πληθύς@n-s---fn- ὁ@l-s---fg- δέ@d-------- πληθύς@n-s---fg- εἰμί@v3spia--- ἀργαλέος@a-s---nnc ἐπιτείχισμα@n-s---nn- ὁ@l-s---fn- ὁμόνοια@n-s---fn- καί@c-------- συμφωνία@n-s---fn- οὗτος@p-p---mg- αἴτιος@a-s---nn- δέ@d-------- ὁ@l-s---fg- ὁμόνοια@n-s---fg- ὁ@l-s---nn- ἄνω@d-------- καί@c-------- μέγας@a-s---nns ὁ@l-s---fn- περί@r-------- ὁ@l-s---mg- εἷς@m-s---mg- θεός@n-s---mg- δόξα@n-s---fn- ἀπό@r-------- ὅς@p-s---fg- οἷος@a-p---na- πηγή@n-s---fg- ἑνωτικός@a-s---fd- καί@c-------- ἀδιάλυτος@a-s---fd- φιλία@n-s---fd- χράω2@v3prie--- πρός@r-------- ἀλλήλων@p-p---ma-"
"Virtut._36","ἡδονή@n-s---fd- δέ@d-------- ἁλωτός@a-s---nn- ἄνθρωπος@n-s---fn- καί@c-------- μάλιστα@d-------- συνουσία@n-s---fd- ὁ@l-s---fd- πρός@r-------- γυνή@n-s---fa- διαπρεπής@a-p---fns δέ@d-------- εἰμί@v2ppia--- καί@d-------- φύσις@n-s---fd- μέν@d-------- ἀγωγός@a-s---nn- ὁ@l-s---nn- κάλλος@n-s---nn- ὁ@l-s---fn- δέ@c-------- νεότης@n-s---fn- εἰς@r-------- ἀκρασία@n-s---fa- εὐόλισθος@a-s---fa-"
"Virtut._37","ἑταίρησις@n-s---fg- ἤ1@c-------- μοιχεία@n-s---fg- ὄνομα@n-p---na- μή@d-------- δείδω@v2pasa--- ὡς@d-------- αἰσχύνη@n-s---fa- ἐπιφέρω@v-sfpama- ὁ@l-p---fa- ἐκ@r-------- ὁ@l-s---ng- πρᾶγμα@n-s---ng- ὠφέλεια@n-p---fa- ἀντιτίθημι@v-pppafn- διά@r-------- ὅς@p-p---fa- ὁ@l-p---fa- ἐπί@r-------- ἡμέρα@n-s---fa- ἀδοξία@n-p---fa- μεθαρμόζω@v2pfim--- εἰς@r-------- ἀγήραος@a-s---fa- καί@c-------- ἀτελεύτητος@a-s---fa- εὔκλεια@n-s---fa- ὁ@l-p---na- μέν@d-------- σῶμα@n-p---na- ὅσος@p-p---nn- ὁ@l-s---nd- δοκέω@v--pna--- προίημι@v--ana--- σόφισμα@n-s---na- κατά@r-------- ’@r-------- ἐχθρός@n-p---mg- καί@c-------- στρατήγημα@n-s---na- παρθένος@n-p---fa- δέ@c-------- ὁ@l-p---fa- ψυχή@n-p---fa- διαφυλάσσω@v-pppafn- ὅς@p-p---fd- καί@d-------- ὁ@l-s---fa- πρός@r-------- ὁ@l-s---na- μέλλω@v-sppana- ἁγνεία@a-s---fa- ἐπισφραγίζω@v2pfim---"
"Virtut._38","καί@d-------- καινός@a-s---nas ὁ@l-s---mn- πόλεμος@n-s---mn- οὗτος@a-s---mn- ἔχω@v3sfia--- κλέος@n-s---na- διά@r-------- γυνή@n-p---fg- ἀλλά@c-------- οὐ@d-------- διά@r-------- ἀνήρ@n-p---mg- κατορθόω@v-sappmn- ὁ@l-s---nn- μέν@d-------- γάρ@d-------- ἡμέτερος@a-s---nn- ὁμολογέω@v1ppia--- γένος@n-s---nn- ὅς@p-s---ng- γίνομαι@v3sfim--- ἧσσα@a-s---nnc διά@r-------- ὁ@l-s---na- πᾶς@a-p---nd- ὁ@l-p---nd- εἰς@r-------- μάχη@n-s---fa- ὁ@l-p---ma- ἀντίπαλος@a-p---ma- ἐπικυδής@a-p---mac εἰμί@v--pna--- ὁ@l-s---nn- δέ@c-------- ὑμέτερος@a-s---nn- παντελής@d-------- ὁ@l-s---fa- νίκη@n-s---fa- φέρω@v3sfia--- καί@c-------- ὁ@l-s---na- μέγας@a-s---nas ἀγαθός@a-s---na- ὁ@l-p---fa- δίχα@r-------- κίνδυνος@n-p---mg- ἀριστεία@n-p---fa- ἀναιμωτί@d-------- γάρ@d-------- μᾶλλον@d-------- δέ@c-------- καί@d-------- ἀκονιτί@d-------- κατά@r-------- ὁ@l-s---fa- πρῶτος@a-s---fa- φαντασία@n-s---fa- αὐτός@p-s---na- μόνος@a-s---na- ὁράω@v--ana--- περίειμι1@v2pfim---"
"Virtut._39","οὗτος@p-p---na- ’@p-p---na- ἀκούω@v-papafn- καθαρός@a-s---mg- βίος@n-s---mg- μη@d-------- δέ@c-------- ὄναρ@n-s---mg- αἰσθάνομαι@v-prpefn- παιδεία@n-s---fg- ὀρθός@a-s---fg- ἄγευστος@a-p---mn- συναινέω@v3ppia--- ἅτε@d-------- πλάσσω@v-srpena- ἦθος@n-s---na- σωφροσύνη@n-s---fg- ὁ@l-s---ma- ἄλλος@a-s---ma- χρόνος@n-s---ma- καθυποκρίνομαι@v--ana--- καί@c-------- πολυτελής@a-p---md- ἐσθής@n-p---fd- καί@c-------- ὅρμος@n-p---md- καί@c-------- ὅς@p-p---nd- ἄλλος@p-p---md- ἔθω@v3sria--- διακοσμέω@v--pne--- γυνή@n-s---fn- πᾶς@a-p---md- ἀσκέω@v-sappfn- καί@c-------- ὁ@l-s---na- ἐκ@r-------- φύσις@n-s---fg- κάλλος@n-s---na- εὔμορφος@a-s---nac ὁ@l-p---fd- ἐπιμέλεια@n-p---fd- ἀπεργάζομαι@v--ana--- ὁ@l-s---nn- γάρ@d-------- ἀγώνισμα@n-s---nn- οὐ@d-------- μικρός@a-s---nn- εἰμί@v3siia--- θήρα@n-s---fn- νέος@a-p---ng- ἀθήρατος@a-p---ng- εἰς@r-------- ὁ@l-s---na- οὐμφανής@a-s---na- προέρχομαι@v3ppie---"
"Virtut._40","καί@d-------- πλησίος@d-------- γίγνομαι@v-papmfn- βλέμμα@n-p---nd- ἑταιρικός@a-p---nd- καί@c-------- στωμυλία@n-s---fd- λόγος@n-p---mg- καί@d-------- σχέσις@n-p---fd- καί@c-------- κίνησις@n-p---fd- ἀκόλαστος@a-p---fd- δελεάζω@v3ppia--- ὁ@l-s---fg- νεότης@n-s---fg- ὁ@l-s---fa- ὀλιγόφρων@a-s---fa- μοῖρα@n-s---fa- ἀνερμάτιστος@a-p---na- καί@c-------- ἀίδρυτος@a-p---na- ἦθος@n-p---na- καί@c-------- διά@r-------- ὁ@l-s---fg- ὁ@l-p---ng- σῶμα@n-p---ng- αἰσχύνη@n-s---fg- ἀγκιστρεύω@v-papmfn- ὁ@l-p---fa- ψυχή@n-p---fa- ὁ@l-p---mg- συνέρχομαι@v-papamg- ἐπί@r-------- θυσία@n-p---fa- ἄρρυτος@a-p---fa- καί@c-------- σπονδή@n-p---fa- ἀσυμβάτως@a-p---fa- καλέω@v-papafn- ὁ@l-p---mg- χειροκμήτος@a-p---mg- ἀλλοτριόω@v3ppia--- ὁ@l-s---fg- ὁ@l-s---mg- εἷς@m-s---mg- καί@c-------- ὄντως@d-------- εἰμί@v-sppamg- θεραπεία@n-s---fg- θεός@n-s---mg-"
"Virtut._41","οὗτος@p-s---na- διαπράσσω@v-papmfn- ὁ@l-p---md- ἀνήρ@n-p---md- εὐαγγελίζομαι@v3ppie--- καί@d-------- μέλλω@v1siia--- ἄν@d-------- καί@d-------- ἄλλος@p-p---ma- ἐπισπάω@v--pne--- ὁ@l-p---mg- μή@d-------- σφόδρα@d-------- βέβαιος@a-p---mg- εἰ@c-------- μή@d-------- ὁ@l-s---ng- πάθος@n-s---ng- λαμβάνω@v-sapamn- οἶκτος@n-s---ma- ὁ@l-s---mn- εὐεργέτης@n-s---mn- καί@c-------- ἴλαος@a-s---mn- θεός@n-s---mn- ἀνυπερθέτως@a-s---nd- κόλασις@v3sasa--- ὁ@l-p---mg- ἀπονοέω@v-pappng- εἰμί@v3piia--- δέ@d-------- τέσσαρες@m-p---fn- πρός@r-------- ὁ@l-p---fd- εἴκοσι@a-------- χιλιάς@n-p---fn- ὥσπερ@c-------- ὑπό@r-------- χειμάρρους@n-s---mg- κατακλύζω@v--anp--- κινδυνεύω@v-papama- ἀνακόπτω@v3saia--- φόβος@n-s---md- νουθετέω@v-sapamn-"
"Virtut._42","ὁ@l-s---mn- δέ@d-------- ὁ@l-s---ng- ἔθνος@n-s---ng- ἡγεμών@n-s---mn- ἐπαντλέω@v-sppamn- ὁ@l-p---nd- οὖς@n-p---nd- ὁ@l-p---na- ὑπέρ@r-------- εὐσέβεια@n-s---fg- δόγμα@n-p---na- καί@c-------- ὁ@l-p---fa- ψυχή@n-p---fa- ὁ@l-p---mg- ὑπήκοος@a-p---mg- οὗτος@p-p---md- ἐπάγω@v-sppamn- ἐκ@r-------- φυλή@n-s---fg- ἕκαστος@a-s---fg- χίλιοι@a-p---ma- ἀνήρ@n-p---ma- ἀριστίνδην@d-------- ἐπιλέγω@v-sapamn- καταλέγω@v3spia--- δίκη@n-p---fa- ἀναπλάσσω@v-sfpamn- ὁ@l-s---fg- ἐνέδρα@n-s---fg- ὅς@p-s---fa- μηχανάομαι@v3paim--- διά@r-------- ὁ@l-p---fg- γυνή@n-p---fg- ἐλπίζω@v-papamn- μέν@d-------- ἅπας@a-s---fa- ὁ@l-s---fa- πληθύς@n-s---fa- ἄνωθεν@d-------- ἐκ@r-------- ἄκρα@n-s---fg- ὁσιότης@n-s---fg- καταβάλλω@v-papamn- διαφθείρω@v--ana--- μόνος@a-p---ma-"
"Virtut._43","δέ@c-------- ὁ@l-p---ma- λέγω3@v-pappma- δύναμαι@v-pappmn- ὁ@l-p---mn- δέ@d-------- πρός@r-------- πολύς@a-p---fa- μυριάς@n-p---fa- ὀλίγος@a-s---mn- ἀριθμός@n-s---mg- ἀντιτάσσω@v-pappmn- ἐμπειρία@n-p---fd- ἅμα@d-------- καί@c-------- εὐτολμία@n-p---fd- χράομαι@v-pppemn- καθά@c-------- αὐτός@a-s---mn- τις@p-s---mn- ἕκαστος@a-s---mn- ὅμιλος@n-s---mn- εἰμί@v-sppamn- καταφρονητικός@d-------- πυκνός@a-p---fd- ἐπιτρέχω@v-pppamn- ὁ@l-p---fd- φάλαγξ@n-p---fd- καί@c-------- ὁ@l-p---ma- ἐν@r-------- πούς@n-p---md- ἀναιρέω@v-pppamn- ἐρημόω@v3piia--- ὁ@l-p---na- βύζης@n-s---fa- συνίστημι@v-prpana- στῖφος@n-p---na- καί@c-------- ὅσος@a-p---na- ἐφεδρεύω@v3siia--- πρός@r-------- ἀναπλήρωσις@n-s---fa- ὁ@l-p---fg- κενόω@v-pppefg- τάξις@n-p---fg- ὡς@c-------- αὐτοβοεί@d-------- πολύς@a-p---fa- μυριάς@n-p---fa- καταστορέννυμι@v--ana--- καί@c-------- μηδείς@p-s---ma- ὁ@l-s---fg- ἀντιτάσσω@v-sappfg- νεότης@n-s---fg- ἀπολιμπάνω@v--anm--- κτείνω@v3ppia--- δέ@d-------- καί@d-------- γυνή@n-p---fa- ὁ@l-p---fa- συνεπιγράφω@v-papmfa- ἀνήρ@n-p---mg- γνώμη@n-p---fd- ἀνόσιος@a-p---fd- ζωγρέω@v-papamn- παρθένος@n-p---fa- ἄκακος@a-s---fa- ἡλικία@n-s---fa- οἰκτίζω@v-papmmn-"
"Virtut._44","καί@d-------- τοσοῦτος@a-s---ma- πόλεμος@n-s---ma- κατορθόω@v-papamn- οὐδείς@p-s---ma- ὁ@l-p---mg- ἴδιος@a-p---mg- ἀποβάλλω@v3paia--- ἀλλά@c-------- ’@c-------- ὁπόσος@a-p---mn- καί@c-------- ὁποῖος@a-p---mn- προέρχομαι@v3paia--- εἰς@r-------- ὁ@l-s---fa- μάχη@n-s---fa- ἐπάνειμι@v3piia--- ἄτρωτος@a-p---mn- καί@c-------- ὁλόκληρος@a-p---mn- μᾶλλον@d-------- δέ@c-------- εἰ@c-------- χρή@v3spia--- ὁ@l-s---na- ἀληθής@a-s---na- εἶπον@v--ana--- μετά@r-------- διπλάσιος@a-s---fgc ῥώμη@n-s---fg- ὁ@l-s---fn- γάρ@d-------- ἐκ@r-------- ὁ@l-s---ng- νικάω@v--ana--- χαρά@n-s---fn- ὁ@l-s---fg- πρότερος@a-s---fg- οὐ@d-------- ἐλάσσων@a-s---fac ὁ@l-s---fa- ἰσχύς@n-s---fa- ἀπεργάζομαι@v3saie---"
"Virtut._45","αἴτιος@a-s---nn- δέ@d-------- οὐδείς@p-s---nn- εἰμί@v3siia--- οὗτος@p-p---ng- ἕτερος@a-s---nn- ἤ1@c-------- ὁ@l-s---nn- σπουδάζω@v--ana--- φιλοκίνδυνος@d-------- ὁ@l-s---ma- ὑπέρ@r-------- εὐσέβεια@n-s---fg- ἀγών@n-s---ma- αἴρω@v--anm--- ἐν@r-------- ὅς@p-s---md- καί@d-------- προαναγκάζω@v3spie--- θεός@n-s---mn- ἀήττητος@a-s---fn- ἐπικουρία@n-s---fn- βουλή@n-p---fa- μέν@d-------- ἀγαθός@a-p---fa- ὁ@l-p---fd- διάνοια@n-p---fd- ὑφηγέομαι@v-sppemn- ἀλκή@n-s---fa- δέ@c-------- ὁ@l-p---nd- σῶμα@n-p---nd- κραταιός@a-s---fas ἐντίθημι@v-sapamn-"
"Virtut._46","πίστις@n-s---fn- δέ@d-------- ὁ@l-s---fg- ἐκ@r-------- θεός@n-s---mg- συμμαχία@n-s---fg- ὁ@l-s---nn- τε@d-------- ὑπό@r-------- ὀλίγος@a-p---mg- πολύς@a-p---fa- μυριάς@n-p---fa- ἁλίσκομαι@v--ana--- καί@c-------- ὁ@l-s---nn- μηδείς@p-s---ma- μέν@d-------- ὁ@l-p---mg- ἐχθρός@a-p---mg- διαφεύγω@v--ana--- μηδείς@p-s---ma- δέ@c-------- ὁ@l-p---mg- φίλος@a-p---mg- ἀναιρέω@v--anp--- μή@d-------- τε@d-------- ἀριθμός@n-s---ma- μή@d-------- τε@c-------- σῶμα@n-s---ng- δύναμις@n-s---fa- ἐλασσόω@v-pappmg-"
"Virtut._47","ὅθεν@d-------- ἐν@r-------- ὁ@l-p---nd- προτρεπτικός@a-p---nd- φημί@v3spia--- ἐάν@c-------- δικαιοσύνη@n-s---fa- καί@d-------- ὁσιότης@n-s---fa- καί@c-------- ὁ@l-p---fa- ἄλλος@a-p---fa- ἀρετή@n-p---fa- ἐπιτηδεύω@v2spsa--- βίος@n-s---ma- ἀπόλεμος@a-s---ma- βιόω@v2sasm--- καί@c-------- εἰς@r-------- ἅπας@a-s---na- εἰρηνικός@a-s---na- ἤ1@c-------- ἐνίστημι@v-sapamg- πόλεμος@n-s---mg- ῥᾴδιος@d-------- ὁ@l-p---mg- ἐχθρός@n-p---mg- περικράτησις@v2sfia--- θεός@n-s---mg- στραταρχέω@v-sppamg- ἀόρατος@d-------- ὅς@d-------- διά@r-------- ἐπιμέλεια@n-s---fg- εἰμί@v3spia--- ὁ@l-p---ma- ἀγαθός@a-p---ma- σώζω@v--pna--- ἀνά@r-------- κράτος@n-s---na-"
"Virtut._48","μήτε@d-------- ’@d-------- οὖν@d-------- ἐάν@c-------- πολύς@a-p---fd- μυριάς@n-p---fd- ἐπιτρέχω@v3ppsa--- ὁ@l-s---mn- πεζός@a-s---mn- ὁμοῦ@d-------- καί@c-------- ἱππότης@n-s---mn- στρατός@n-s---mn- εὐοπλέω@v-pppamn- μή@d-------- τε@c-------- ἐάν@c-------- ἐρυμνός@a-p---na- καί@c-------- ἐπίμαχος@a-p---na- προκαταλαμβάνω@v-papmmn- χωρίον@n-p---na- τοποκρατέω@v3ppsa--- μή@d-------- τε@c-------- ἐάν@c-------- ἄφθονος@a-p---fd- παρασκευή@n-p---fd- χορηγέω@v3ppie--- καταπλάσσω@v-sappmn- δείδω@v2sasa--- καί@c-------- ἄν@c-------- ἅπας@a-p---mg- ἀπορέω@v2spsa--- ὅς@a-s---fa- ἄγω@v3ppia--- περιουσία@n-s---fa- ἐκεῖνος@p-p---mn- σύμμαχος@n-p---mg- ὅπλον@n-p---ng- τόπος@n-p---mg- εὐκαιρία@n-s---fg- παρασκευή@n-p---fg-"
"Virtut._49","ἐκεῖνος@p-p---na- γάρ@d-------- ὥσπερ@d-------- ὁλκάς@n-s---fa- πληρόω@v-srpefa- παντοῖος@a-p---ng- ἀγαθός@a-p---ng- πολλάκις@d-------- ἐπιπίπτω@v-sapamn- ἄνεμος@n-s---mn- ἐξαίφνης@d-------- ἀνατρέπω@v3saia--- καί@c-------- καταλύω@v3saia--- ὁ@l-p---md- δέ@c-------- εὐτελής@a-p---md- καί@c-------- λυπρός@a-p---md- ὥσπερ@d-------- ἀστάχυς@n-p---md- ἤδη@d-------- μυέω@v-prpamd- ἐκ@r-------- αὐχμός@n-s---mg- καί@c-------- ἀνομβρία@n-s---fg- ἐπιψεκάζω@v-sppamn- καί@c-------- ἐπινίφων@v-sppamn- ὁ@l-s---mn- θεός@n-s---mn- ὁ@l-p---fa- σωτήριος@a-p---fa- δύναμις@n-p---fa- ἐμπαρέχω@v3saia--- ἀνεγείρω@v--anp--- τε@d-------- καί@c-------- τελειογονέω@v--ana---"
"Virtut._50","ἐκ@r-------- ὅς@p-s---ng- δῆλος@a-s---nn- ὅτι@c-------- δεῖ@v3siia--- ὁ@l-s---ng- δίκαιος@a-s---ng- καί@c-------- ὅσιος@a-s---ng- περιέχω@v--pne--- ὅς@p-p---md- μέν@d-------- γάρ@d-------- ὁ@l-s---nn- θεῖος1@a-s---nn- ἔνσπονδος@a-s---nn- ἄκρος@d-------- εὐδαίμων@a-p---mn- ὅς@p-p---md- δέ@c-------- ἐχθρός@a-s---nn- ἔσχατος@d-------- κακοδαίμων@a-p---mn- τοσοῦτος@p-p---nn- καί@d-------- περί@r-------- ἀνδρεία@n-s---fg- εἰς@r-------- ὁ@l-s---na- πάρειμι1@v-sppana- ἀποχρώντως@d-------- λέγω@v3srme---"
"Virtut._51","περί@d-------- φιλανθρωπία@n-s---fg- ὁ@l-s---fa- δέ@d-------- εὐσέβεια@n-s---fg- συγγενής@a-s---fas καί@d-------- ἀδελφή@n-s---fa- καί@c-------- δίδυμος@a-s---fa- ὄντως@d-------- ἑξῆς@d-------- ἐπισκεπτέος@a-s---nn- φιλανθρωπία@n-s---fa- ὅς@p-s---fg- ἔραμαι@v-sappmn- ὡς@c-------- οὐ@d-------- οἶδα@v1sria--- εἰ@c-------- τις@p-s---mn- ἕτερος@a-s---mn- ὁ@l-s---mn- προφήτης@n-s---mn- ὁ@l-p---mg- νόμος@n-p---mg- ὁδός@n-s---fa- γάρ@d-------- οἷος@a-p---na- λεωφόρος@a-s---fa- ἄγω@v-sppafa- ἐπί@r-------- ’@r-------- ὁσιότης@n-s---fa- οὗτος@a-s---fa- ἐπίσταμαι@v3siie--- ὁ@l-p---ma- ὑπό@r-------- αὐτός@p-s---ma- ἅπας@a-p---ma- ἀλείφω@v3siia--- καί@c-------- συγκροτέω@v3siia--- πρός@r-------- κοινωνία@n-s---fa- παράδειγμα@n-s---na- καλός@a-s---na- ὥσπερ@c-------- γραφή@n-s---fa- ἀρχέτυπος@a-s---fa- στηλιτεύω@v-sapamn- ὁ@l-s---ma- ἴδιος@a-s---ma- βίος@n-s---ma-"
"Virtut._52","ὁ@l-p---nn- μέν@d-------- οὖν@d-------- ἐκ@r-------- πρῶτος@a-s---fg- ἡλικία@n-s---fg- ἄχρι@r-------- γῆρας@n-s---ng- εἰς@r-------- ἐπιμέλεια@n-s---fa- καί@c-------- κηδεμονία@n-s---fa- εἷς@n-s---mg- ἕκαστος@a-s---mg- καί@c-------- πᾶς@a-p---mg- ἄνθρωπος@n-p---mg- πράσσω@v-prpenn- αὐτός@p-s---md- δηλόω@v3srie--- πρότερος@a-s---na- ἐν@r-------- δύο@a-p---fd- σύνταξις@n-p---fd- ὅς@p-p---fa- ἀναγράφω@v1saia--- περί@r-------- ὁ@l-s---mg- βίος@n-s---mg- μωυσῆς@n-s---mg- εἷς@a-s---ng- δέ@d-------- ἤ1@c-------- δύο@a-d---ng- ὅς@p-p---ng- ἐπί@r-------- τελευτή@n-s---fd- κατορθόω@v3saia--- ἄξιος@a-s---nn- εἰμί@v3spia--- ἐπιμιμνήσκομαι@v--anp--- δεῖγμα@n-p---nn- γάρ@d-------- εἰμί@v3spia--- ὁ@l-s---fg- συνεχής@a-s---fg- καί@c-------- ἀδιάστατος@a-s---fg- καί@d-------- αλοκἀγαθία@n-s---fg- ὅς@p-s---fa- ἀσύγχυτος@a-s---fa- ἐνσφραγίζω@v3saim--- ὁ@l-s---fd- ψυχή@n-s---fd- χαρακτήρ@n-s---fd- θεῖος2@a-s---fd- σχηματίζω@v-sappfd-"
"Virtut._53","ἐπεί@c-------- γάρ@d-------- ὁ@l-s---fn- προθεσμία@n-s---fn- ὁ@l-s---fg- θνητός@a-s---fg- ζωή@n-s---fg- μέλλω@v3siia--- αὐτός@p-s---md- τελευτάω@v--pne--- καί@c-------- λόγιον@n-p---nd- ἀναντίρρητος@a-p---nd- γιγνώσκω@v3saia--- ὁ@l-s---fa- ἐνθένδε@d-------- μετανάστασις@n-s---fa- οὐδείς@p-s---ma- ὁ@l-p---mg- ἄλλος@a-p---mg- ἤ1@d-------- βασιλεύς@n-p---mg- ἤ1@c-------- ἰδιώτης@n-p---mg- μιμέομαι@v3saie--- ὅς@p-p---md- εἷς@a-s---fn- σπουδή@n-s---fn- τε@d-------- καί@c-------- εὐχή@n-s---fn- κληρονόμος@n-p---ma- παῖς@n-p---ma- καταλιμπάνω@v--ana--- ἀλλά@c-------- καίτοι@d-------- πατήρ@n-s---mn- γίγνομαι@v-srpamn- δύο@a-d---md- υἱός@n-d---mg- οὐδέτερος@a-s---md- ὁ@l-s---fa- ἀρχή@n-s---fa- ἀπολείπω@v3saia--- ἡσσάομαι@v-sappmn- εὔνοια@n-s---fg- συγγενικός@a-s---fg- καί@c-------- πάθος@n-s---ng- φιλοίκειον@a-s---ng- καίτοι@d-------- εἰ@c-------- καί@d-------- ὁ@l-p---nn- ὁ@l-p---ng- τέκνον@n-p---ng- διά@r-------- ὑποψία@n-p---fg- εἰμί@v3siia--- ἀλλά@c-------- ἀδελφιδέος@n-p---mg- γοῦν@d-------- οὐ@d-------- ἀπορέω@v3siia--- καλός@a-p---fg- καί@c-------- ἀγαθός@a-p---fg- ὅς@p-p---mn- γέρας@n-s---na- ἀρετή@n-s---fg- ἔχω@v3paia--- ὁ@l-s---fa- ἄνω@d-------- ἱερωσύνη@n-s---fa-"
"Virtut._54","ἀλλά@c-------- ’@d-------- ἴσως@d-------- ἤ1@c-------- μεθέλκω@v--pna--- αὐτός@p-p---ma- ἀπό@r-------- ὁ@l-s---fg- θεῖος1@a-s---fg- λειτουργία@n-s---fg- οὐ@d-------- δοκιμάζω@v3saia--- ἤ1@c-------- καί@d-------- ὅσπερ@p-s---na- ἔοικα@v-srpana- ἐννοέω@v3saia--- ὅτι@c-------- ἀμήχανος@a-s---nn- ὁ@l-p---ma- αὐτός@p-p---ma- δύναμαι@v--pne--- καλός@d-------- ἄμφω@p-d---mg- ἐπιτροπεύω@v--pna--- ἱερωσύνη@n-s---fg- τε@c-------- καί@c-------- βασίλεια@n-s---fg- ὅς@p-s---fa- ὁ@l-s---fn- μέν@d-------- ἐπαγγέλλω@v3spie--- θεός@n-s---mg- θεραπεία@n-s---fa- ὁ@l-s---fn- δέ@d-------- ἄνθρωπος@n-p---mg- ἐπιμέλεια@n-s---fa- ἴσως@d-------- δέ@d-------- καί@d-------- κριτής@n-s---ma- ἑαυτοῦ@p-s---ma- οὐ@d-------- ἀξιόω@v3saia--- γίγνομαι@v--anm--- πρᾶγμα@n-s---ng- μέγας@a-s---ng- μέγας@a-s---nn- δέ@g-------- εἰμί@v3spia--- ὁ@l-s---ma- εὖ@d-------- φύω@v-srpama- πρός@r-------- ἀρχή@n-s---fa- δοκιμάζω@v--ana--- καί@c-------- σχεδόν@d-------- θεῖος1@a-s---fg- δύναμις@n-s---fg- ὅς@p-s---fd- μόνος@a-s---fd- καθοράω@v--pna--- ἦθος@n-s---na- ἄνθρωπος@n-s---mg- ῥᾴδιος@a-s---nn-"
"Virtut._55","πίστις@n-s---fn- δέ@g-------- σαφής@a-s---fns ὁ@l-s---mg- δηλέομαι@v-sppeng- γίγνομαι@v3sao---- ἄν@g-------- ὅδε@p-s---fn- φίλος@n-s---mn- εἰμί@v3siia--- αὐτός@p-s---md- καί@c-------- γνώριμος@a-s---mn- σχεδόν@d-------- ἐκ@r-------- πρῶτος@a-s---fg- ἡλικία@n-s---fg- γίγνομαι@v-sapmmn- ἰησοῦς@n-s---mg- ὄνομα@n-s---nn- ὅς@p-s---mg- ὁ@l-s---fa- φιλία@n-s---fa- πρ@d-------- ἀποδημέω@v3saia--- οὐδείς@p-s---nn- ὁ@l-p---ng- παρά@r-------- ὁ@l-p---md- ἄλλος@p-p---md- ἔθω@v-prpang- ἀλλά@c-------- ’@c-------- ἔρως@n-s---mn- ὁ@l-s---mn- οὐράνιος@a-s---mn- καί@d-------- ἀκήρατος@a-s---mn- καί@c-------- θεῖος2@a-s---mn- ὄντως@d-------- ἐκ@r-------- ὅς@p-s---mg- πᾶς@a-s---fa- ἀρετή@n-s---fa- φύω@v--pne--- συμβαίνω@v3sria--- οὗτος@p-s---mn- ὁμωρόφιος@a-s---mn- καί@c-------- ὁμοτράπεζος@a-s---mn- εἰμί@v3siia--- αὐτός@p-s---md- πλήν@r-------- ὁπότε@c-------- ἐπιθειάζω@v-sapamd- καί@c-------- χρησμῳδέω@v-sppemd- προστάσσω@v3saop--- μόνωσις@n-s---fn- ὑπηρετέω@v3siia--- μέντοι@d-------- καί@d-------- ὁ@l-p---fa- ἄλλος@a-p---fa- ὑπηρεσία@n-p---fa- ἀεί@d-------- διαφερόντως@d-------- ὁ@l-s---nd- πλῆθος@n-d---nn- μόνος@a-s---na- οὐ@d--------"
"Virtut._56","ὕπαρχος@a-s---mn- εἰμί@v-sppamn- καί@c-------- ὁ@l-p---na- ὁ@l-s---fg- ἡγεμονία@n-s---fg- συνδιοικέω@v-sppamn- ἀλλά@d-------- καίτοι@d-------- βάσανος@n-s---fa- ἀκριβής@a-s---fa- λαμβάνω@v-sapamn- ἐκ@r-------- μακρός@a-p---mg- χρόνος@n-p---mg- ὁ@l-s---fg- ἐν@r-------- τε@d-------- λόγος@n-p---md- καί@c-------- ἔργον@n-p---nd- καί@d-------- αλοκἀγαθία@n-s---fg- αὐτός@p-s---mg- καί@c-------- ὁ@l-s---nn- ἀναγκαῖος@a-s---nns εὔνοια@n-s---fg- ὁ@l-s---fg- πρός@r-------- ὁ@l-s---na- ἔθνος@n-s---na- οὐ@d-------- δέ@d-------- οὗτος@p-s---ma- οἴομαι@v3saip--- χρή@v--pna--- καταλιμπάνω@v--ana--- διάδοχος@n-s---ma- δείδω@v-srpamn- μή@c-------- ποτέ@d-------- ψευδοδοξέω@v3sasp--- νομίζω@v-sppamn- ἀγαθός@a-s---ma- ὁ@l-s---ma- οὐ@d-------- εἰμί@v-sppama- πρός@r-------- ἀλήθεια@n-s---fa- ἐπεί@c-------- ὁ@l-p---nn- κριτήριον@n-p---nn- ὁ@l-s---fg- ἀνθρώπινος@a-s---fg- γνώμη@n-s---fg- ἀμυδρός@a-p---na- καί@c-------- ἀβέβαιος@a-p---na- πως@d-------- εἰμί@v--pna--- φύω@v3sria---"
"Virtut._57","ὅθεν@d-------- οὐ@d-------- προπιστεύω@v-sppamn- ἑαυτοῦ@p-s---md- ποτνιάομαι@v3spie--- καί@c-------- καθικετεύω@v3spia--- ὁ@l-s---ma- ἀόρατος@a-s---fg- ψυχή@n-s---fg- ἔφορος@n-s---ma- θεός@n-s---ma- ὅς@p-s---md- μόνος@a-s---md- διάνοια@n-s---fa- ἔξεστι@v3spia--- ἀκριβής@d-------- θεωρέω@v--pna--- ἀριστίνδην@d-------- αἱρέω@v--anm--- ὁ@l-s---ma- ἐπιτήδειος@a-s---mas εἰς@r-------- ἡγεμονία@n-s---fa- ὅς@p-s---mn- οἷος@a-p---na- πατήρ@n-s---mn- ἐπιμελέομαι@v3sasm--- ὁ@l-p---mg- ὑπήκοος@a-p---mg- καί@d-------- ὁ@l-p---fa- καθαρός@a-p---fa- καί@d-------- ὡς@c-------- ἄν@d-------- εἶπον@v3saoa--- τις@p-s---mn- τροπικός@a-s---nac παρθένος@n-p---fa- χείρ@n-p---fa- ἀνατείνω@v-sapamn- εἰς@r-------- οὐρανός@n-s---ma- φημί@v3spia---"
"Virtut._58","ἐπισκέπτομαι@v3sama--- κύριος@n-s---mn- ὁ@l-s---mn- θεός@n-s---mn- ὁ@l-p---ng- πνεῦμα@n-p---ng- καί@c-------- πᾶς@a-s---fg- σάρξ@n-s---fg- ἄνθρωπος@n-s---ma- ἐπί@r-------- ὁ@l-s---fg- πληθύς@n-s---fg- εἰς@r-------- ἐπιμέλεια@n-s---fa- καί@c-------- προστασία@n-s---fa- ποιμήν@n-s---ma- ὅς@p-s---mn- ἀνυπεύθυνος@d-------- ἀφηγέομαι@v3sfip--- ἵνα@c-------- μή@d-------- γίγνομαι@v3sasm--- σαθρός@a-s---nn- ὁ@l-s---nn- ἔθνος@n-s---nn- οἷος@p-p---nn- ποίμνη@n-s---fn- σπορά@n-p---fa- ἀγελάρχης@n-s---fa- οὐ@d-------- ἔχω@v-sppafn-"
"Virtut._59","καίτοι@d-------- τις@p-s---cn- οὐ@d-------- ἄν@d-------- καταπλάσσω@v3saip--- ὁ@l-p---mg- τότε@d-------- ὁ@l-s---fg- εὐχή@n-s---fg- ἀκούω@v-sapamn- τίς@p-s---na- φημί@v2spia--- εἶπον@v-sapamn- ὦ@i-------- δεσπότης@n-s---mv- οὐ@d-------- εἰμί@v3ppia--- μέν@d-------- σύ@p-s---md- γνήσιος@a-p---mn- παῖς@n-p---mn- οὐ@d-------- εἰμί@v3ppia--- δέ@c-------- ἀδελφιδέος@n-p---mn- μάλιστα@d-------s μέν@d-------- ὁ@l-p---md- υἱός@n-p---md- κληρονόμος@n-p---mn- γάρ@d-------- οὗτος@p-p---mn- φύσις@n-s---fd- πρῶτος@a-p---mn- καταλείπω@v2sama--- ὁ@l-s---fa- ἀρχή@n-s---fa- εἰ@c-------- δέ@c-------- ἀποδοκιμάζω@v2spia--- ὁ@l-p---md- γοῦν@d-------- ἀδελφιδέος@n-p---md-"
"Virtut._60","εἰ@c-------- δέ@d-------- καί@d-------- οὗτος@p-p---ma- ἀνεπιτήδειος@a-p---ma- ὑπολαμβάνω@v2sria--- ὁ@l-s---na- ἔθνος@n-s---na- προκρίνω@v-sppamn- ὁ@l-p---mg- συγγενής@a-p---mgs καί@c-------- οἰκεῖος@a-p---mgs ἀλλά@d-------- εἰμί@v3spia--- γε@d-------- σύ@p-s---md- φίλος@n-s---mn- ἄμεμπτος@a-s---mn- βάσανος@n-s---fa- ἀρετή@n-s---fg- τέλειος@a-s---fg- δίδωμι@v-srpamn- σύ@p-s---md- ὁ@l-s---md- πάνσοφος@a-s---md- τίς@p-s---na- δή@d-------- οὗτος@p-s---ma- εἰ@c-------- μή@d-------- γένος@n-s---ng- ἀλλά@c-------- καί@d-------- αλοκἀγαθία@n-s---fg- ὁ@l-s---fn- αἵρεσις@n-s---fn- εἰμί@v3spia--- οὐ@d-------- ἀξιόω@v2spia--- δοκιμάζω@v--pna---"
"Virtut._61","ἀλλά@c-------- ’@c-------- ἀποφαίνω@v3spie--- ὅτι@c-------- πᾶς@a-p---ng- μέν@d-------- κριτής@n-s---fa- ποιέω@v--pne--- θέμις@n-s---fn- θεός@n-s---ma- διαφερόντως@d-------- δέ@d-------- ὁ@l-p---ng- μέγας@a-p---ng- ἐν@r-------- ὅς@p-p---nd- ὁ@l-s---nn- εὖ@d-------- γε@d-------- ἤ1@c-------- χείρων@a-s---nac μυρίος@a-p---ma- ὅσος@p-p---ma- εἰς@r-------- εὐδαιμονία@n-s---fa- ἄγω@v3saia--- ἤ1@c-------- ὁ@l-s---na- ἐναντίος@a-s---na- εἰς@r-------- κακοδαιμονία@n-s---fa- μέγας@a-s---nnc δέ@d-------- οὐδείς@p-s---nn- ἀρχή@n-s---fg- ὅς@p-s---fd- ὁ@l-p---nn- πόλις@n-p---fg- καί@c-------- χώρα@n-p---ng- ὅσος@a-p---nn- κατά@r-------- πόλεμος@n-s---ma- ἤ1@c-------- κατά@r-------- εἰρήνη@n-s---fa- ἐπιτρέπω@v3srie--- ὡς@c-------- γάρ@d-------- πρός@r-------- εὔπλοια@n-s---fa- ἀγαθός@a-s---mg- καί@d-------- ὁ@l-s---fa- γνώμη@n-s---fa- καί@c-------- ὁ@l-s---fa- ἐπιστήμη@n-s---fa- δεῖ@v3spia--- κυβερνήτης@n-s---mg- ὁ@l-s---ma- αὐτός@a-s---ma- τρόπος@n-s---ma- καί@d-------- πρός@r-------- εὐνομία@n-s---fa- ὑπήκοος@n-p---mg- ὁ@l-p---mg- ἑκασταχοῦ@d-------- χρεία@n-s---fn- θαυμάσιος@a-s---mg- τις@a-s---mg- ἡγεμών@n-s---mg-"
"Virtut._62","σοφία@n-s---fa- δέ@d-------- πρέσβυς@a-s---fac οὐ@d-------- μόνος@d-------- ὁ@l-s---fg- ἐμός@a-s---fg- γένεσις@n-s---fg- ἀλλά@c-------- καί@d-------- ὁ@l-s---fg- ὁ@l-s---mg- κόσμος@n-s---mg- πᾶς@a-s---mg- εἰμί@v-sppafa- οὐ@d-------- τε@d-------- θέμις@n-s---fn- οὐ@d-------- τε@c-------- δυνατός@a-s---nn- ἄλλος@a-s---md- τις@p-s---md- κρίνω@v--pna--- ἀλλά@d-------- ἤ1@c-------- ὁ@l-s---md- θεός@n-s---md- καί@c-------- ὁ@l-p---md- ἄδολος@d-------- καί@d-------- καθαρός@d-------- καί@c-------- γνήσιος@d-------- αὐτός@p-s---fg- ἐράω1@v-pppamd-"
"Virtut._63","διδάσκω@v1saip--- δέ@d-------- ἀπό@r-------- ’@r-------- ἐμαυτοῦ@p-s---mg- μη@d-------- δέ@d-------- ἄλλος@a-s---ma- τις@p-s---ma- ὁ@l-p---mg- ἐπιτήδειος@a-p---mg- εἰμί@v--pna--- δοκέω@v-pppamg- εἰς@r-------- ἀρχή@n-s---fa- δοκιμάζω@v--ana--- ὁ@l-s---fa- γοῦν@d-------- ἐπιμέλεια@n-s---fa- καί@c-------- προστασία@n-s---fa- ὁ@l-p---ng- κοινός@a-p---ng- οὐ@d-------- τε@d-------- αὐτός@p-s---mn- ἐθελοντής@a-s---mn- αἱρέω@v1saim--- οὐ@d-------- τε@c-------- ὑπό@r-------- ’@r-------- ἄλλος@a-s---mg- τις@p-s---mg- ἄνθρωπος@n-p---mg- χειροτονέω@v-sappmn- λαμβάνω@v1saia--- ἀλλά@c-------- καί@d-------- ὁ@l-s---mg- θεός@n-s---mg- χρησμός@n-p---md- ἐναργής@a-p---md- καί@c-------- λόγιον@n-p---nd- ἀναντίρρητος@a-p---md- ἐμφανής@d-------- θεσπίζω@v-sppamg- καί@c-------- προστάσσω@v-sppamg- ἄρχω@v--pna--- ἀναδυομένη@v1siie--- ἱκετεύω@v-sppamn- καί@c-------- ποτνιάω@v-sppemn- εἰς@r-------- ὁ@l-s---na- μέγεθος@n-s---na- ἀφοράω@v-sppamn- ὁ@l-s---ng- πρᾶγμα@n-s---ng- ἕως@c-------- ἐπεί@c-------- πολλάκις@d-------- κελεύω@v3siia--- δείδω@v-sapamn- πειθαρχέω@v1saia---"
"Virtut._64","πῶς@d-------- οὖν@d-------- οὐ@d-------- ἄτοπος@a-s---nn- εἰμί@v3spia--- μή@d-------- ὁ@l-p---nd- αὐτός@a-p---nd- ἴχνος@n-p---nd- ἐπακολουθέω@v--ana--- καί@c-------- χράω2@v-sapmma- ὅτε@c-------- μέλλω@v3piia--- ἄρχω@v--pna--- δοκιμαστής@a-s---md- θεός@n-s---md- πάλιν@d-------- ἐπί@r-------- αὐτός@p-s---md- μόνος@a-s---md- τίθημι@v--ane--- ὁ@l-s---fa- χειροτονία@n-s---fa- ὁ@l-s---mg- διάδοχος@a-s---mg- μή@d-------- συνεφάπτομαι@v-sapmfg- ἀνθρώπινος@a-s---fg- γνώμη@n-s---fg- ὅς@p-s---fd- ὁ@l-s---nn- ἔοικα@v-srpann- συγγενής@a-s---nnc εἰμί@v3spia--- ὁ@l-s---ng- ἀληθής@a-s---ng- ἄλλως@d-------- τε@d-------- καί@c-------- ὁ@l-s---fg- προστασία@n-s---fg- οὐ@d-------- ἐπί@r-------- ὁ@l-s---nd- τυγχάνω@v-sppand- ἔθνος@n-s---nd- γίγνομαι@v-sfppfg- ἀλλά@c-------- πολυάνθρωπος@a-s---nds μέν@d-------- ὁ@l-p---ng- ἁπανταχοῦ@d-------- πᾶς@a-p---ng- ἐπάγγελμα@n-s---na- δέ@c-------- ἐπαγγέλλω@v-sppemd- μέγας@a-s---nas ἱκεσία@a-s---fa- ὁ@l-s---mg- ὄντως@d-------- εἰμί@v-sppamg- ὅς@p-s---mn- εἰμί@v3spia--- ποιητής@n-s---mn- ὁ@l-p---ng- ὅλος@a-p---ng- καί@c-------- πατήρ@n-s---mn-"
"Virtut._65","ὅσπερ@p-s---nn- γάρ@d-------- ἐκ@r-------- φιλοσοφία@n-s---fg- ὁ@l-s---fg- δόκιμος@a-s---fgs περιγίγνομαι@v3spie--- ὁ@l-p---md- ὁμιλητής@n-p---md- αὐτός@p-s---fg- οὗτος@p-s---nn- διά@r-------- νόμος@n-p---mg- καί@c-------- ἔθος@n-p---ng- ἰουδαῖος@n-p---md- ἐπιστήμη@n-s---fn- ὁ@l-s---ng- ἄνω@d-------- καί@c-------- πρέσβυς@a-s---ngs πᾶς@a-p---ng- αἴτιος@n-s---ng- ὁ@l-s---ma- ἐπί@r-------- ὁ@l-p---md- γενητός@a-p---md- θεός@n-p---md- πλάνος@n-s---ma- ἀπωθέω@v-papmmd- γενητός@a-s---mn- γάρ@g-------- οὐδείς@a-s---mn- ἀλήθεια@n-s---fd- θεός@n-s---mn- ἀλλά@c-------- δόξα@n-s---fd- μόνος@a-s---na- ὁ@l-s---na- ἀναγκαῖος@a-s---nas ἀφαιρέω@v-srpemn- αὐτοζωή@n-s---fa-"
"Virtut._66","οὗτος@p-s---nn- μέν@d-------- δή@d-------- πρῶτος@a-s---nn- ἐναργής@a-s---nns δεῖγμα@n-s---nn- ὁ@l-s---fg- πρός@r-------- ἅπας@a-s---na- ὁ@l-s---na- ὁμόφυλος@a-s---na- αὐτός@p-s---ng- φιλανθρωπία@n-s---fg- καί@c-------- πίστις@n-s---fg- ἕτερος@a-s---nn- δέ@d-------- ὁ@l-s---ng- λέγω3@v-sappng- οὐ@d-------- ἀποδέω@v-sppann- ἐπεί@c-------- γάρ@d-------- ἀριστίνδην@d-------- ὁ@l-s---mn- φοιτητής@n-s---mn- αὐτός@p-s---mg- καί@c-------- μιμητής@n-s---mn- ὁ@l-p---ng- ἀξιέραστος@a-p---ng- ἦθος@n-p---ng- ἰησοῦς@n-s---fg- ἄρχων@v-sppamn- δοκιμάζω@v3saip--- κριτήριον@n-p---nd- θεῖος2@a-p---nd- οὐ@d-------- ὥσπερ@d-------- ἄν@d-------- ἕτερος@a-s---mn- ἐπί@r-------- ὁ@l-s---nd- μή@d-------- ὁ@l-p---ma- υἱός@n-p---ma- ἤ1@c-------- ὁ@l-p---ma- ἀδελφιδέος@n-p---ma- αἱρέω@v--anp--- κατάφημι@v3saia--- ἀλλά@c-------- ὑποπίμπλημι@v-sappmn- ἄλεκτος@a-s---fg- χαρά@n-s---fg-"
"Virtut._67","ὅτι@c-------- μέλλω@v3sfoa--- ὁ@l-s---na- ἔθνος@n-s---na- ἐπίτροπος@a-s---nd- χράω@v--pne--- ὁ@l-p---na- πᾶς@a-p---na- ἄριστος@a-s---nd- καλός@a-s---na- γάρ@d-------- καί@d-------- ἀγαθός@a-s---na- ἐκ@r-------- ἀνάγκη@n-s---fg- οἶδα@v3slia--- ὁ@l-s---ma- εὐάρεστος@a-s---ma- θεός@n-s---md- λαμβάνω@v-sapmmn- ὁ@l-s---fg- οὗτος@p-s---mg- δεξιά@n-s---fg- καί@c-------- παράγω@v-sapamn- αὐτός@p-s---ma- εἰς@r-------- ἀθροίζω@v-srpena- ὁ@l-s---na- πλῆθος@n-s---na- μηδείς@p-s---na- περί@r-------- ὁ@l-s---fg- ἑαυτοῦ@p-s---mg- τελευτή@n-s---fg- εὐλαβέομαι@v-sappmn- ἀλλά@c-------- ὁ@l-p---fd- ἀρχαῖος@a-p---fd- εὐφροσύνη@n-p---fd- ναῦς@a-p---fa- ἕτερος@a-s---fg- προσλαμβάνω@v-srpamn- οὐ@d-------- μόνος@a-s---na- διά@r-------- μνήμη@n-s---fa- ὁ@l-p---fg- πρότερος@a-s---na- εὐπάθεια@n-p---fg- ὅς@p-p---fd- κατάκορος@d-------- διά@r-------- πᾶς@a-s---ng- εἶδος@n-s---ng- ἀρετή@n-s---fg- ἐντρυφάω@v3saia--- ἀλλά@c-------- καί@d-------- διά@r-------- ὁ@l-s---fa- ἐλπίς@n-s---fa- ὁ@l-s---ng- μέλλω@v-spp-nn- ἀθανατίζω@v--pne--- μεταβάλλω@v-sapamn- ἐκ@r-------- φθαρτός@a-s---mg- βίος@n-s---mg- εἰς@r-------- ἄφθαρτος@a-s---fa- ἱλαρός@a-p---fd- ὄψις@n-p---fd- ἐκ@r-------- ὁ@l-s---fg- κατά@r-------- ψυχή@n-s---fa- εὐθυμία@n-s---fg- φαιδρός@a-s---mn- καί@c-------- γηθέω@v-srpamn- φημί@v3spia---"
"Virtut._68","ἐγώ@p1s---md- μέν@g-------- ἀπαλλάσσω@v--pne--- καιρός@n-s---mn- ἤδη@d-------- ὁ@l-s---fg- ἐν@r-------- σῶμα@n-s---nd- ζωή@n-s---fg- ὁ@l-s---mn- δέ@d-------- ὁ@l-s---fg- ὑμέτερος@a-s---fg- ἐπιτροπή@n-s---fg- διάδοχος@n-s---mn- οὗτος@p-s---mn- εἰμί@v3spia--- αἱρέω@v-sappmn- ὑπό@r-------- θεός@n-s---mg- καί@d-------- ὁ@l-p---na- χράω2@v-pappna- λόγιον@n-p---na- ὁ@l-s---fg- δοκιμασία@n-s---fg- εὐθύς2@d-------- ἐπεῖπον@v3saia--- ὅς@p-p---nd- πιστεύω@v3paia---"
"Virtut._69","καί@d-------- πρός@r-------- ὁ@l-s---ma- ἰησοῦς@n-s---ma- ἀποβλέπω@v-sapamn- ἀνδραγαθίζομαι@v--pne--- παραινέω@v3spia--- καί@c-------- σφόδρα@d-------- ἰσχύω@v--pna--- ἐν@r-------- ὁ@l-p---fd- εὐβουλία@n-p---fd- ἀγαθός@a-p---fa- μέν@d-------- γνώμη@n-p---fa- εἰσηγέομαι@v-sppema- ἀνένδοτος@v-prpamd- δέ@c-------- καί@c-------- ἐρρωμένος@v-pppemd- λογισμός@n-p---md- ὁ@l-p---na- γιγνώσκω@v-pappna- καλός@d-------- τελειόω@v-sppama- καί@d-------- οὗτος@p-p---na- λέγω3@v3siia--- ἴσως@d-------- οὐ@d-------- δέω2@v-sppemd- παραίνεσις@n-s---fg- ἀλλά@c-------- ὁ@l-s---na- φιλάλληλος@a-s---na- καί@c-------- φιλοεθνής@a-s---na- πάθος@n-s---na- οὐ@d-------- στέγω@v-sppamn- ὑπό@r-------- ὅς@p-s---mg- τρόπος@n-s---ma- τις@a-s---ma- κεντρίζω@v-sppemn- ὅς@p-p---na- συμφέρω@v--fna--- νομίζω@v3siia--- ἀπογυμνόω@a-s---mg-"
"Virtut._70","εἰμί@v3siia--- δέ@d-------- καί@d-------- χρησμός@n-s---mn- αὐτός@p-s---md- παρακαλέω@v--ana--- ὁ@l-s---ma- διάδοχος@n-s---ma- καί@c-------- εὐθαρσής@a-s---mas ἀπεργάζομαι@v--ane--- πρός@r-------- ὁ@l-s---fa- ὁ@l-s---ng- ἔθνος@n-s---ng- ἐπιμέλεια@n-s---fa- ὁ@l-s---na- βάρος@n-s---na- μή@d-------- καταδείκνυμι@v-sapama- ὁ@l-s---fg- ἀρχή@n-s---fg- ἵνα@c-------- ὁ@l-p---md- ἔπειτα@d-------- γίγνομαι@v3sasm--- κανών@n-s---mn- καί@c-------- νόμος@n-s---mn- ἅπας@a-p---md- ἡγεμών@n-p---md- πρός@r-------- ἀρχέτυπος@a-s---na- παράδειγμα@n-s---na- μωυσῆς@n-s---ma- ἀποβλέπω@v-pppamd- καί@c-------- μηδείς@p-s---mn- φθονέω@v3spsa--- βούλευμα@n-p---ng- ἀγαθός@a-p---ng- ὁ@l-p---md- διάδοχος@a-p---md- ἀλλά@c-------- ὑποθήκη@n-p---fd- καί@c-------- παραινέω@n-p---fd- ὁ@l-p---fa- ψυχή@n-p---fa- αὐτός@p-p---mg- ἀλείφω@v3ppsa--- καί@c-------- συγκροτέω@v-pppamd-"
"Virtut._71","δύναμαι@v3spie--- γάρ@d-------- ἀνήρ@n-s---mg- ἀγαθός@a-s---mg- παραίνεσις@n-s---fn- ἀναπίπτω@v-prpama- ὁ@l-p---fd- γνώμη@n-p---fd- ἐγείρω@v--ana--- καί@c-------- διαίρω@a-p---na- εἰς@r-------- ὕψος@n-s---na- ἐπάνω@d-------- ὁ@l-p---mg- καιρός@n-p---mg- καί@c-------- ὁ@l-p---ng- πρᾶγμα@n-p---ng- ἱδρύω@v--anm--- φρόνημα@n-s---na- γενναῖος@a-s---na- καί@c-------- ἀκατάπληκτος@a-s---na- ἐντίθημι@v-sapafn-"
"Virtut._72","ὁ@l-p---na- δέ@d-------- ἁρμόζω@v-pppana- ὁ@l-p---md- τε@d-------- ὑπήκοος@n-p---md- καί@c-------- ὁ@l-s---md- κληρόνομος@n-s---md- ὁ@l-s---fg- ἡγεμονία@n-s---fg- διαλέγω@v-sappmn- ἄρχω@v3spie--- ὁ@l-s---ma- θεός@n-s---ma- ὑμνέω@v--pna--- μετά@r-------- ᾠδή@n-s---fg- τελευταῖος@a-s---fa- αὐτός@p-s---md- βίος@n-s---mg- ὁ@l-s---mg- μετά@r-------- σῶμα@n-s---ng- εὐχαριστία@n-s---fa- ἀποδίδωμι@v-sppamn- ἀντί@r-------- ’@r-------- ὅς@p-s---fa- ἀπό@r-------- γένεσις@n-s---fg- ἄχρι@r-------- γῆρας@n-s---ng- καινός@a-p---fd- καί@c-------- οὐ@d-------- ὁ@l-p---fd- ἐν@r-------- ἔθος@n-s---nd- χάρις@n-p---fd- εὐεργετέω@v3siie---"
"Virtut._73","καί@d-------- συνάγω@v-sapamn- ἄθροισμα@n-s---na- θεῖος1@a-s---na- ὁ@l-p---na- στοιχεῖον@n-p---na- ὁ@l-s---ng- πᾶς@a-s---ng- καί@c-------- ὁ@l-p---na- συνεκτικός@a-p---nas μέρος@n-p---na- ὁ@l-s---mg- κόσμος@n-s---mg- γῆ@n-s---fa- τε@d-------- καί@c-------- οὐρανός@n-s---ma- ὁ@l-s---fa- μέν@d-------- θνητός@a-p---mg- ἑστία@n-s---fa- ὁ@l-s---ma- δέ@c-------- ἀθάνατος@a-p---mg- οἶκος@n-s---ma- ἐν@r-------- μέσος@a-p---nd- ὁ@l-p---fa- ὑμνῳδία@n-p---fa- ποιέω@v3siie--- διά@r-------- πᾶς@a-s---ng- ἁρμονία@n-s---fg- καί@c-------- συμφωνία@n-s---fg- εἶδος@n-s---ng-"
"Virtut._74","ἵνα@c-------- κατακούω@v3pasa--- ἄνθρωπος@n-p---mn- τε@d-------- καί@c-------- ἄγγελος@n-p---mn- λειτουργός@a-p---mn- ὁ@l-p---mn- μέν@d-------- ὡς@c-------- γνώριμος@a-p---mn- πρός@r-------- ὁ@l-s---fa- ὁ@l-s---fg- ὁμοῖος@a-s---fg- εὐχάριστος@a-s---fg- διάθεσις@n-s---fg- διδασκαλία@n-s---fa- ὁ@l-p---mn- δέ@c-------- ὡς@c-------- ἔφορος@a-p---mn- θεάομαι@v-papmmn- κατά@r-------- ὁ@l-s---fa- σφεῖς@p-p---mg- ἐμπειρία@n-s---fa- μή@d-------- τις@p-s---na- ὁ@l-s---fg- ᾠδή@n-s---fg- ἐκμελής@a-s---na- καί@c-------- ἅμα@d-------- διαπιστέω@v-pppamn- εἰ@c-------- τις@a-s---mn- ἄνθρωπος@n-s---mn- εἰμί@v-sppamn- ἐνδέω1@v-srpemn- σῶμα@n-s---nd- φθαρτός@a-s---nd- δύναμαι@v3spie--- ὁ@l-s---ma- αὐτός@p-s---ma- τρόπος@n-s---ma- ἥλιος@n-s---md- καί@d-------- σελήνη@n-s---fd- καί@c-------- ὁ@l-s---md- ὁ@l-p---mg- ἄλλος@p-p---mg- ἀστήρ@a-p---mg- πανίερος@a-s---nd- χορός@n-s---md- μιμνῄσκω@v--ane--- ὁ@l-s---fa- ψυχή@n-s---fa- πρός@r-------- ὁ@l-s---na- θεῖος1@a-s---na- ὄργανον@n-s---na- ὁ@l-s---ma- οὐρανός@n-s---ma- καί@c-------- ὁ@l-s---ma- σύμπας@a-s---ma- κόσμος@n-s---ma- ἁρμόζω@v-sapmmn-"
"Virtut._75","τάσσω@v-sappmn- δέ@d-------- ἐν@r-------- ὁ@l-p---md- κατά@r-------- ὁ@l-s---ma- αἰθήρ@n-s---ma- χορευτής@n-p---md- ὁ@l-s---mn- ἱεροφάντης@n-s---mn- ἀνακεράννυμι@v3saim--- ὁ@l-p---fd- πρός@r-------- θεός@n-s---ma- εὐχάριστος@a-p---fd- ὑμνῳδία@n-p---fd- ὁ@l-p---na- γνήσιος@a-p---na- πάθος@n-p---na- ὁ@l-s---fg- πρός@r-------- ὁ@l-s---na- ἔθνος@n-s---na- εὔνοια@n-s---fg- ἐν@r-------- ὅς@p-p---nd- εἰμί@v3piia--- ἔλεγχος@n-p---mn- παλαιός@a-p---ng- ἁμάρτημα@n-p---ng- ὁ@l-p---fn- πρός@r-------- ὁ@l-s---ma- πάρειμι1@v-sppama- καιρός@n-s---ma- νουθεσία@n-p---fn- καί@d-------- σωφρονισμός@n-p---fn- παραίνεσις@n-p---fn- ὁ@l-p---fn- πρός@r-------- ὁ@l-p---na- μέλλω@v-pppana- διά@r-------- χρηστός@a-p---fg- ἐλπίς@n-p---fg- ὅς@p-p---fd- ἐπακολουθέω@v--pna--- ἀναγκαῖος@a-s---nn- αἴσιος@a-p---na- τέλος@n-p---nn-"
"Virtut._76","ὡς@c-------- δέ@d-------- τελέω@v3saia--- ὁ@l-p---fa- χορεία@n-p---fa- ὁσιότης@n-s---fd- καί@c-------- φιλανθρωπία@n-s---fd- τρόπος@n-s---ma- τις@a-s---ma- συνυφαίνω@v-prpefa- ἄρχω@v3saim--- μεταβάλλω@v--pna--- ἐκ@r-------- θνητός@a-s---fg- ζωή@n-s---fg- εἰς@r-------- ἀθάνατος@a-s---ma- βίος@n-s---ma- καί@c-------- ἐκ@r-------- ὁ@l-s---ng- κατά@r-------- ὀλίγος@a-s---na- συναισθάνομαι@v3siim--- ὁ@l-s---fg- ὁ@l-p---mg- ἐκ@r-------- ὅς@a-p---fg- συγκεράννυμι@v3slie--- διάζευξις@n-s---fg- ὁ@l-s---ng- μέν@d-------- σῶμα@n-s---ng- ὀστρέος@a-s---ng- δίκη@n-s---fa- περιφύομαι@v-srpamg- περιαιρέω@v-sppeng- ὁ@l-s---fg- δέ@c-------- ψυχή@n-s---fg- ἀπογυμνόω@v-sppefg- καί@c-------- ὁ@l-s---fa- κατά@r-------- φύσις@n-s---fa- ἐνθένδε@d-------- ποθέω@v-sppafg- μετανάστασις@n-s---fa-"
"Virtut._77","εἶτα@d-------- ’@d-------- ἑτοιμάζω@v-sapmmn- ὁ@l-p---na- πρός@r-------- ἔξοδος1@n-s---fa- οὐ@d-------- πρότερος@a-s---na- στέλλω@v3saim--- ὁ@l-s---fa- ἀποικία@n-s---fa- ἤ1@c-------- ὁ@l-p---fa- ὁ@l-s---ng- ἔθνος@n-s---ng- φυλή@n-p---fa- ἅπας@a-p---fa- εὐχή@n-p---fd- ἐναρμόνιος@a-p---fd- ἀριθμός@n-s---md- δώδεκα@a-------- γεραίρω@v--ana--- διά@r-------- ὁ@l-s---fg- ὁ@l-p---mg- φυλαρχέω@n-p---mg- κατάκλησις@n-s---fg- ὅς@d-------- ὅτι@c-------- τελεσφορέω@v3pfip--- πιστευτέος@a-s---nn- ὅς@l-s---mn- τε@d-------- γάρ@d-------- εὔχομαι@v-sapmmn- θεοφιλής@a-s---mn- ὅς@l-s---mn- τε@d-------- θεός@n-s---mn- φιλάνθρωπος@a-s---mn- ὑπέρ@r-------- ὅς@p-p---ng- τε@c-------- ὁ@l-p---fn- αἰτέω@n-p---fn- εὐπατρίδης@a-p---fn- καί@c-------- εὐγενής@a-p---mn- ὁ@l-s---fa- ἄνω@d-------- τάσσω@v-prpemn- τάξις@n-s---fa- ὑπό@r-------- στρατάρχης@n-s---fd- ὁ@l-s---md- ποιητής@n-s---md- πᾶς@a-p---mg- καί@c-------- πατήρ@n-s---md-"
"Virtut._78","αἰτέω@n-p---fn- δέ@d-------- εἰμί@v3piia--- ὁ@l-p---fn- ὁ@l-p---mg- ἀληθινός@a-p---mg- ἀγαθός@a-p---ng- οὐ@d-------- μόνος@a-s---na- ἐν@r-------- ὁ@l-s---nd- θνητός@a-s---nd- ὅπως@c-------- ὑπάρχω@v3ppsa--- αὐτός@p-p---md- βίος@n-s---md- ἀλλά@c-------- πολύς@a-s---na- μᾶλλον@d-------- ἐπάν@c-------- ἄνετος@a-s---fn- ὁ@l-s---mg- ὁ@l-s---fg- σάρξ@n-s---fg- δεσμός@n-s---mg- γίγνομαι@v3sasm--- ὁ@l-s---fn- ψυχή@n-s---fn- μόνος@a-s---mn- γάρ@d-------- μωυσῆς@n-s---mn- ὁ@l-s---fa- πρός@r-------- ὁ@l-p---na- θεῖος@a-p---na-"
"Virtut._79","ὡς@c-------- ἔοικα@v3sria--- ἐκ@r-------- ἀρχή@n-s---fg- ὁ@l-s---na- σύμπας@a-s---na- ἔθνος@n-s---na- ὑπολαμβάνω@v-sapamn- ἔχω@v--pna--- ἀναγκαῖος@a-s---fas συγγένεια@n-s---fa- πολύς@a-s---na- γνήσιος@a-s---fac ὁ@l-s---fg- ἀπό@r-------- αἷμα@n-s---ng- πᾶς@a-p---ng- ἀγαθός@a-p---ng- ὅς@p-p---ng- δή@d-------- ἀνθρώπινος@a-s---fn- φύσις@n-s---fn- χωρέω@v3spia--- κληρονόμος@n-s---ma- ἀποφαίνω@v3saia--- ὅς@p-p---na- μέν@d-------- αὐτός@p-s---mn- ἔχω@v3siia--- ἐκ@r-------- ἑτοῖμος@a-s---ng- δίδωμι@v-sppamn- ὅς@p-p---na- δέ@c-------- μή@d-------- κτάομαι@v3slie--- ὁ@l-s---ma- θεός@n-s---ma- ἱκετεύω@v-sppamn- παρέχω@v--ana--- οἶδα@v-srpamn- ὁ@l-p---fa- ὁ@l-p---fg- χάρις@n-p---fg- αὐτός@p-s---mg- πηγή@n-p---fa- ἀέναος@a-p---fa- μέν@d-------- εἰμί@v-pppafa- οὐ@d-------- πᾶς@a-p---md- δέ@c-------- ἀνίημι@v-prpefa- ἀλλά@c-------- μόνος@a-p---md- ἱκέτης@n-p---md- ἱκέτης@n-p---mn- δέ@d-------- εἰμί@v3ppia--- ὁ@l-p---mn- καί@d-------- αλοκἀγαθία@n-p---fa- ἐράω1@v-pppamn- ὅς@p-p---md- ἀρύω@v--pne--- θέμις@n-s---fn- ἀπό@r-------- ὁ@l-p---ng- ἱερός@a-p---ngs πηγή@n-p---ng- διψάω@v-pppamd- σοφία@n-p---fa-"
"Virtut._80","ὁ@l-p---nn- μέν@d-------- οὖν@d-------- δεῖγμα@n-p---nn- ὁ@l-s---fg- ὁ@l-s---mg- νομοθέτης@n-s---mg- φιλανθρωπία@n-s---fg- καί@c-------- κοινωνία@n-s---fg- ὅς@p-s---fd- χράω2@v3saim--- καί@d-------- διά@r-------- εὐμοιρία@n-s---fa- φύσις@n-s---fg- ἀγαθός@a-s---fg- καί@c-------- ἐκ@r-------- ὁ@l-s---fg- ὁ@l-p---ng- ἱερόν@a-p---ng- λόγιον@n-p---ng- ὑφήγησις@n-s---fg- μηνύω@v3srie--- λεκτέος@a-s---nn- δέ@d-------- ὅς@p-p---na- καί@d-------- ὁ@l-p---md- ἔπειτα@d-------- διατάσσω@v3saim--- εἰ@c-------- καί@d-------- μή@d-------- πᾶς@a-p---na- οὐ@d-------- γάρ@d-------- ῥᾴδιος@a-s---nn- ὁ@l-p---na- γοῦν@d-------- ἀγχίσπορος@a-p---na- καί@c-------- ἐγγύς@d-------- ὁ@l-p---ng- ἐκεῖνος@p-s---mg- βούλευμα@n-p---ng-"
"Virtut._81","ὁ@l-s---na- γάρ@d-------- ἐπιεικής@a-s---na- καί@c-------- ἥμερος@a-s---na- οὐ@d-------- ἐν@r-------- ὁ@l-p---fd- πρός@r-------- ἄνθρωπος@n-p---ma- αὐτός@p-s---na- μόνος@a-s---na- ἱδρύω@v3spie--- κοινωνία@n-p---fd- ἀλλά@c-------- ’@c-------- ἐπιδαψιλεύομαι@v-sppemn- ἀναχέω@v3spia--- πλούσιος@d-------- αὐτός@p-s---na- καί@c-------- τείνω@v3spia--- πρός@r-------- τε@d-------- ὁ@l-p---fa- ὁ@l-p---ng- ἄλογος@a-p---ng- ζῷον@n-p---ng- φύσις@n-p---fa- καί@c-------- πρός@r-------- ὁ@l-p---fa- ὁ@l-p---ng- ἥμερος@a-p---ng- δένδρον@n-p---ng- ἰδέα@n-p---fa- ὅς@p-p---na- δέ@d-------- περί@r-------- ἕκαστος@a-p---ng- νομοθετέω@v3saia--- λεκτέος@a-s---nn- ἐν@r-------- μέρος@n-s---nd- ὁ@l-s---fa- ἀρχή@n-s---fa- ποιέω@v-sapmma- ἀπό@r-------- ’@r-------- ἄνθρωπος@n-p---mg-"
"Virtut._82","ἀπαγορεύω@v3spia--- τοίνυν@d-------- ἀδελφός@n-s---md- δανείζω@v--pna--- ἀδελφός@n-s---ma- ὀνομάζω@v-sppamn- οὐ@d-------- μόνος@d-------- ὁ@l-s---ma- ἐκ@r-------- ὁ@l-p---mg- αὐτός@p-p---mg- φύω@v-sapama- γονεύς@n-p---mg- ἀλλά@c-------- καί@d-------- ὅς@p-s---mn- ἄν@d-------- ἀστός@n-s---mn- καί@c-------- ὁμόφυλος@a-s---mn- εἰμί@v3spsa--- τόκος@n-p---ma- ἐπί@r-------- χρῆμα@n-p---nd- οὐ@d-------- δικαιόω@v-sppamn- ἐκλέγω@v--pna--- ὡς@c-------- ἀπό@r-------- θρέμμα@n-p---ng- ἔγγονος@n-s---ma-"
"Virtut._83","καί@d-------- προτρέπω@v3spia--- μή@d-------- διά@r-------- οὗτος@p-s---na- ἀναδύνω@v--pne--- καί@c-------- συμβάλλω@v--pna--- ὀκνηρός@a-s---nac ἀλλά@c-------- ἀνίημι@v-prpefd- χείρ@n-p---fd- καί@c-------- γνώμη@n-p---fd- μάλιστα@d-------s μέν@d-------- χαρίζω@v--pne--- ὁ@l-p---md- δέω2@v-pppemd- λογίζομαι@v-pppema- ὅτι@c-------- καί@d-------- ὁ@l-s---fn- χάρις@n-s---fn- τρόπος@n-s---ma- τις@p-s---ca- δάνειον@a-s---ma- εἰμί@v3spia--- ἀποδίδωμι@v-sfpmma- ἐν@r-------- καιρός@n-s---md- βελτίων@a-s---mdc ἄνευ@r-------- ἀνάγκη@n-s---fg- ἑκούσιος@a-s---fd- διάθεσις@n-s---fd- ὁ@l-s---mg- λαμβάνω@v-sapamg- εἰ@c-------- δέ@c-------- μή@d-------- βούλομαι@v3ppoe--- δωρέω@v--pne--- κιχάνω@v--pna--- γοῦν@d-------- ἑτοῖμος@a-p---nas καί@c-------- πρόθυμος@a-p---nas μηδείς@p-s---na- ἔξω@r-------- ὁ@l-p---ng- ἀρχαῖος@a-p---ng- ἀπολαμβάνω@v-pfpmma-"
"Virtut._84","οὕτως@d-------- γάρ@d-------- οὔτε@d-------- ’@d-------- ὁ@l-p---mn- πένης@n-p---mn- μέλλω@v3piia--- ἄπορος@a-p---mnc γίγνομαι@v--pne--- πλείων@a-p---nac ὅς@p-p---ng- λαμβάνω@v3paia--- εἰσφέρω@v--pna--- ἀναγκάζω@v-pppemn- οὐ@d-------- τε@c-------- ὁ@l-p---mn- συμβάλλω@v-pppamn- ἀδικέω@v--pne--- ὅς@p-s---md- προήκω@v3plie--- μόνος@a-d---mn- κομίζω@v-pppemn- καίτοι@d-------- γε@d-------- οὐ@d-------- μόνος@a-s---fn- σύν@r-------- γάρ@d-------- ὁ@l-p---md- ἀρχαῖος@a-p---md- ἀντί@r-------- τόκος@n-p---mg- ὅς@p-p---ma- λαμβάνω@v--ana--- οὐ@d-------- ἀξιόω@v3paia--- ἐπεισφέρω@v3ppie--- ὁ@l-p---na- καλός@a-p---nas καί@c-------- τίμιος@a-p---nas ὁ@l-p---ng- ἐν@r-------- ἄνθρωπος@n-p---md- ἡμερότης@n-s---fa- κοινωνία@n-s---fa- χρηστότης@n-s---fa- μεγαλόνοια@n-s---fa- εὐφημία@n-s---fa- εὔκλεια@n-s---fa- ὅς@p-p---md- τις@a-s---fn- κτῆσις@n-s---fn- ἐφάμιλλος@a-s---fn-"
"Virtut._85","ἄπορος@a-s---mns μέν@d-------- οὖν@d-------- καί@c-------- ὁ@l-s---mn- μέγας@a-s---mn- βασιλεύς@n-s---mn- ἀναφαίνω@v3spie--- κατά@r-------- σύγκρισις@n-s---fa- εἷς@a-s---fg- ἀρετή@n-s---fg- ὁ@l-s---mg- μέν@d-------- γάρ@d-------- ὁ@l-s---mn- πλοῦτος@n-s---mn- ἄψυχος@a-s---mn- ἐν@r-------- πρυτανεῖον@a-p---md- καί@c-------- μυχός@n-p---md- γῆ@n-s---fg- κατορύσσω@v-srpemn- ἀρετή@n-s---fg- δέ@c-------- ἐν@r-------- ψυχή@n-s---fg- ὁ@l-s---nd- ἡγεμονικός@a-s---nd- μεταποιέω@v3spie--- δέ@d-------- αὐτός@p-s---mg- καί@d-------- ὁ@l-s---nn- καθαρός@a-s---nns ὁ@l-s---fg- οὐσία@n-s---fg- οὐρανός@n-s---mn- καί@c-------- ὁ@l-s---mn- γεννητής@n-s---mn- ὁ@l-p---ng- σύμπας@a-p---ng- θεός@n-s---mn- ἔτι@d-------- τοίνυν@d-------- ὁ@l-s---fa- ὀβολοστάτης@n-p---mg- καί@c-------- τοκγλύφος@n-p---mg- εὔπορος@a-s---fa- ἀπορία@n-s---fa- ἐν@r-------- λόγος@n-s---md- θετέος@a-s---nn- ὁ@l-p---mg- πολύχρυσος@a-p---mg- δοκέω@v-pppamg- εἰμί@v--pna--- βασιλεύς@n-p---mg- οὐ@d-------- δέ@c-------- ὄναρ@n-s---na- ὁράω@v-prpamg- ὁ@l-s---ma- βλέπω@v-sppama- πλοῦτος1@n-s---ma-"
"Virtut._86","εἰμί@v3ppia--- δέ@d-------- ὅς@p-p---mn- τοσοῦτος@a-s---fd- χράω2@v3prie--- μοχθηρία@n-s---fg- ὑπερβολή@n-s---fd- ὥστε@c-------- οὐ@d-------- ἔχω@v-pppamn- ἀργύριον@n-s---na- τροφή@n-p---fa- δανείζω@v3ppia--- ὡς@d-------- πλείων@a-p---fac ὅς@p-p---ng- δίδωμι@v3paia--- αὖθις@d-------- κομίζω@v-pppemn- ταχύς@a-s---na- γε@d-------- ἄν@d-------- οὗτος@p-p---mn- μεταιτέω@v3ppia--- ἔρανος@n-s---ma- παρέχω@v3paoa--- λιμός@n-s---ma- ἐν@r-------- εὐθηνία@n-s---fd- καί@c-------- εὐετηρία@n-s---fd- κατασκευάζω@v-pppamn- καί@d-------- ὁ@l-s---fa- ἄθλιος@a-p---mg- ἄνθρωπος@n-p---mg- γαστήρ@n-s---fg- ἔνδεια@n-s---fa- προσοδεύω@v-pppemn- καί@c-------- μόνος@a-s---na- οὐ@d-------- ἐπί@r-------- τρυτάνη@n-s---fg- ἵστημι@v-pppamn- σιτίον@n-p---na- καί@c-------- ποτόν@n-p---na- μή@c-------- καθέλκω@v3spsa--- ῥοπή@n-s---fn-"
"Virtut._87","ὁ@l-p---md- οὖν@d-------- μετέχω@v-papamd- ὁ@l-s---fg- κατά@r-------- ἑαυτοῦ@p-s---ma- ἱερός@n-s---fg- πολιτεία@n-s---fg- ἀναγκαῖος@d-------- παραγγέλλω@v3spia--- ὁ@l-p---fa- ἰδέα@n-p---fa- ὁ@l-p---mg- τοιοῦτος@a-p---mg- πόρος@n-p---mg- ἐκκλίνω@v--pne--- δουλοπρεπής@a-s---fg- γάρ@d-------- καί@c-------- σφόδρα@d-------- ἀνελεύθερος@a-s---fg- ψυχή@n-s---fg- ὁ@l-p---na- ἐπιτήδευμα@n-p---na- μεταβάλλω@v-srpafg- εἰς@r-------- ἀγριότης@n-s---fa- καί@c-------- θηρίον@n-p---ng- φύσις@n-s---fa-"
"Virtut._88","εἷς@r-------- τις@p-s---na- ὁ@l-p---ng- εἰς@r-------- φιλανθρωπία@n-s---fa- τείνω@v-pppang- παράγγελμα@n-s---nn- καί@d-------- ἐκεῖνος@p-s---nn- διατάσσω@v3spie--- μισθός@n-s---ma- πένης@n-s---mg- αὐθήμερος@d-------- ἀποδίδωμι@v--pna--- οὐ@d-------- μόνος@d-------- ὅτι@c-------- ὁ@l-s---fa- χρεία@n-s---fa- ἐπί@r-------- ὅς@p-s---fa- παραλαμβάνω@v3saip--- παρέχω@v-sapama- δίκαιος@a-s---nn- εἰμί@v3siia--- ὁ@l-s---ma- ἐπί@r-------- ὁ@l-s---fd- ὑπηρεσία@n-s---fd- μισθός@n-s---ma- ἀνυπερθέτως@d-------- ἀπολαμβάνω@v--ana--- ἀλλά@c-------- ὅτι@c-------- καί@d-------- ὡς@c-------- εἶπον@v3paia--- τις@p-p---mn- ἐφημέριος@a-s---mn- εἰμί@v-sppamn- ὁ@l-s---mn- χειροτέχνης@n-s---mn- ἤ1@c-------- ἀχθοφόρος@a-s---mn- ὅλος@a-s---nd- ὁ@l-s---nd- σῶμα@n-s---nd- κακοπαθέω@a-p---ng- ὑποζύγιον@n-s---ng- τρόπος@n-s---ma- ἐπί@r-------- ὁ@l-s---md- μισθός@n-s---md- τίθημι@v3srie--- ὁ@l-s---fa- ἐλπίς@n-s---fa- ὅς@p-s---ma- εἰ@c-------- μέν@d-------- εὐθύς2@d-------- κομίζω@v3saom--- γηθέω@v3spia--- καί@c-------- ῥώννυμι@v3spie--- πρός@r-------- ὁ@l-s---fa- ἔπειμι2@v-sppafa- προθυμία@n-s---fd- διπλάσιος@n-s---md- ἐργάζομαι@v-sfpemn- εἰ@c-------- δέ@c-------- μή@d-------- κομίζω@v3saom--- πρός@r-------- ὁ@l-s---nd- σφόδρα@d-------- ἄχθομαι@v--pne--- καί@d-------- ὁ@l-p---ma- τόνος@n-p---ma- ὑπό@r-------- λύπη@n-s---fg- ἐκλύω@v-sappmn- ἀναπίπτω@v3sria--- ὡς@c-------- ἀδυνατέω@v--pna--- πρός@r-------- ὁ@l-p---na- ἐν@r-------- ἔθος@n-s---nd- ὁ@l-p---ng- ἔργον@n-p---ng- ἀπαντάω@v--pna---"
"Virtut._89","ἔτι@n-s---fn- φημί@v3spia--- δανειστής@n-s---mn- μή@d-------- ἐπεισέρχομαι@v3spma--- χρεωστέω@n-p---mg- οἰκία@n-p---fd- ἐνέχυρον@a-s---na- τις@p-s---na- καί@c-------- ῥύσιον@a-s---na- ἐπί@r-------- ὁ@l-s---nd- δάνειον@n-s---nd- μετά@r-------- βία@n-s---fg- λαμβάνω@v-sfpmmn- ἀλλά@c-------- ἐν@r-------- πρόθυρον@a-p---nd- ἔξω@d-------- παρίστημι@v-srpamn- ἀναμένω@v3spma--- κελεύω@v-sppamn- ἡσυχῇ@d-------- προφέρω@v--pna--- ὁ@l-p---mn- δέ@d-------- ἄν@c-------- ἔχω@v3ppsa--- μή@d-------- ἀναδυομένη@v3ppme--- εἰ@c-------- γε@d-------- ἁρμόζω@v3spia--- ὁ@l-s---ma- μέν@d-------- μή@d-------- ὁ@l-s---nd- δύναμαι@v--pne--- καταχράω@v--pne--- πρός@r-------- ὁ@l-s---na- αὐθάδης@a-s---nac ἐπί@r-------- ὕβρις@n-s---fd- ὁ@l-p---mg- δανείζω@v-papmmg- ὁ@l-p---ma- δέ@c-------- πρός@r-------- ὑπόμνησις@n-s---fa- ὁ@l-s---fg- ὁ@l-p---mg- ἀλλότριος@a-p---mg- ἀπόδοσις@n-s---fg- ἄξιος@a-p---na- παρέχω@v--pna--- ἐνέχυρον@n-p---na-"
"Virtut._90","τις@a-s---mn- γε@d-------- μήν@d-------- οὐ@d-------- ἄν@d-------- ἀγάζω@v3saom--- ὁ@l-s---ng- περί@r-------- ὁ@l-p---ma- θεριστής@n-p---ma- ἤ1@c-------- τρυγητής@n-p---ma- ψήφισμα@n-s---ng- κελεύω@v3spia--- γάρ@d-------- ἐν@r-------- μέν@d-------- ὁ@l-s---md- ἄμητος@a-s---md- μή@d-------- τε@d-------- ὁ@l-p---na- ἀποπίπτω@v-pppana- ὁ@l-p---ng- δράγμα@n-p---ng- ἀναιρέω@v--pne--- μή@d-------- τε@c-------- πᾶς@a-s---ma- ὁ@l-s---ma- σπόρος@n-s---ma- κείρω@v--pna--- ἀλλά@c-------- ὑπολείπω@v--pne--- τις@a-s---na- ὁ@l-s---mg- κλῆρος@n-s---mg- μέρος@n-s---na- ἄτμητος@a-s---na- ἅμα@d-------- μέν@d-------- ὁ@l-p---ma- εὔπορος@a-p---ma- μεγαλόφρων@n-p---ma- καί@c-------- κοινωνικός@a-p---ma- κατασκευάζω@v-sppamn- ἐκ@r-------- ὁ@l-s---ng- τις@p-s---na- πρόειμι@v--pna--- ὁ@l-p---ng- ἴδιος@a-p---ng- καί@c-------- μή@d-------- πᾶς@a-p---md- προσχώννυμι@v--rna--- καί@d-------- πᾶς@a-p---na- συμφορέω@v--pna--- καί@c-------- συγκομίζω@v--pna--- οἴκαδε@d-------- θησαυροφυλακέω@v-pfpama- ἅμα@d-------- δέ@c-------- ὁ@l-p---ma- πένης@n-p---ma- εὔθυμος@a-p---mac ἀπεργάζομαι@v-sppemn- ἐπεί@c-------- γάρ@d-------- κτῆμα@n-p---ng- ἴδιος@a-p---ng- ἀπορέω@v3ppia--- ἐφίημι@v3spia--- αὐτός@p-p---md- εἰς@r-------- ὁ@l-p---na- ὁ@l-p---ng- ὁμόφυλος@a-p---ng- εἰσέρχομαι@v--pna--- καί@d-------- ἐκ@r-------- ὁ@l-p---mg- ὑπολείπω@v-pappmg- ὡς@c-------- οἰκεῖος@a-p---mg- ἡμός@v--pna---"
"Virtut._91","ἐν@r-------- δέ@d-------- καιρός@n-s---md- ὁ@l-s---fg- ὀπώρα@n-s---fg- πάλιν@d-------- δρέπω@v-pppemd- κλήρουχος@n-p---md- προστάσσω@v3spia--- μή@d-------- τε@d-------- ῥώξ@n-p---fa- ἀποπίπτω@v-pppafa- συλλέγω@v--pna--- μή@d-------- τε@c-------- ἐπανατρυγάω@v--pna--- ἀμπελών@n-p---ma- ὁ@l-p---nn- δέ@d-------- αὐτός@p-p---nn- καί@d-------- ὁ@l-p---md- ἐλαιαλογέω@v-pppamd- διατάσσω@v3spie--- καθά@c-------- φιλόστοργος@a-s---mns καί@c-------- δίκαιος@a-s---mns πατήρ@n-s---mn- οὐ@d-------- ὁ@l-p---fd- αὐτός@a-p---fd- εὐπραγία@n-p---fd- χράω2@v-prpemg- παῖς@n-p---mg- ἀλλά@c-------- ὁ@l-p---mg- μέν@d-------- ἐν@r-------- περιουσία@n-s---fd- ζάω@v-pppamg- ὁ@l-p---mg- δέ@c-------- εἰς@r-------- ἀπορία@n-s---fa- ἔσχατος@a-s---fa- περίειμι1@v-pppamg- ὅς@p-p---ma- ἐλεάω@v-sppamn- καί@c-------- οἰκτείρω@v-sppamn- ἐπί@r-------- ὁ@l-p---na- κτῆμα@n-p---na- ὁ@l-p---mg- ἀδελφός@n-p---mg- καλέω@v3sfia--- μετέχω@v-pfpama- ὡς@d-------- ἴδιος@a-p---ng- ὁ@l-p---ng- ἀλλότριος@a-p---mg- οὐ@d-------- ἀναίσχυντος@d-------- ἀλλά@c-------- εἰς@r-------- ἐπανόρθωσις@n-s---fa- ἔνδεια@n-s---fg- καί@c-------- οὐ@d-------- μόνος@a-s---na- καρπός1@n-s---mg- μετουσία@n-s---fg- ἀλλά@c-------- καί@d-------- κτῆμα@n-p---ng- ὅσος@a-p---na- ὁ@l-s---nd- δοκέω@v--pna---"
"Virtut._92","εἰμί@v3ppia--- δέ@d-------- ὅς@p-p---mn- οὕτως@d-------- ῥυπάω@v3ppia--- ὁ@l-p---fa- διάνοια@n-p---fa- προστάω@v-prpamn- ἀργυρισμός@n-s---md- καί@c-------- δυσθανατάω@v-pppamn- περί@r-------- πᾶς@a-s---fa- ἰδέα@n-s---fa- κέρδος@n-s---ng- ὁ@l-s---na- πόθεν@d-------- ἄν@d-------- γίγνομαι@v3saom--- μή@d-------- σκέπτομαι@v-pppemn- ὥστε@c-------- ἐπανατρυγάω@v3ppsa--- μέν@d-------- ὁ@l-p---ma- ἀμπελών@n-p---ma- καί@c-------- ἐλαία@n-p---ma- ὁ@l-s---fa- δέ@c-------- κριθοφόρος@a-s---fa- καί@c-------- σιτοφόρος@a-s---fa- γῆ@n-s---fa- ἀναθερίζω@v3ppia--- ὁ@l-s---fa- δουλοπρεπής@a-s---fa- καί@c-------- ἀνελεύθερος@a-s---fa- μικροψυχία@n-s---fa- ἑαυτοῦ@p-p---mg- ἐλέγχω@v-pppamn- καί@c-------- ἅμα@d-------- ἀσεβέω@v-pppamn-"
"Virtut._93","ὀλίγος@a-p---na- μέν@d-------- γάρ@d-------- αὐτός@p-p---mn- ὁ@l-p---ng- εἰς@r-------- γεωργία@n-s---fa- παρέχω@v3paia--- ὁ@l-p---na- δέ@c-------- πλεῖστος@a-p---na- καί@c-------- ἀναγκαῖος@a-p---nas ὁ@l-p---fg- εἰς@r-------- καρποφορία@n-s---fa- καί@c-------- εὐγονία@n-s---fa- ὁ@l-s---fn- φύσις@n-p---fa- χειμέριος@a-p---ma- ὑετός@n-p---ma- ἀήρ@a-s---fg- εὐκρασία@n-p---fa- ὁ@l-p---fa- τιθηνός@a-p---fa- ὁ@l-p---ng- φύω@v-pppeng- συνεχής@a-p---fa- καί@d-------- μαλακός@a-p---fa- δρόσος@n-p---fa- ζωτικός@a-p---fas αὔρα@n-p---fa- ὥρα@n-p---fg- ὁ@l-p---ng- ἐτήσιος@a-p---mg- ἀζήμιος@a-p---fa- γένεσις@n-p---fn- ὡς@c-------- μή@d-------- τε@d-------- θέρος@n-s---nn- περιφλέγω@v3spoa--- μή@d-------- τε@c-------- κρυμός@a-s---mn- περιψύχω@v3spoa--- μή@d-------- τε@c-------- ἔαρ@n-s---nn- καί@c-------- μετοπώρου@a-s---ng- τροπή@n-p---fn- βλάπτω@v3ppoa--- ὁ@l-p---na- γεννάω@v-pppena-"
"Virtut._94","καί@d-------- οὗτος@p-p---na- οἶδα@v-prpamn- καί@c-------- ὁράω@v-pppamn- ἀεί@d-------- ὁ@l-s---fa- φύσις@n-s---fa- τελεσιουργέω@v-sppafa- καί@c-------- πλούσιος@a-p---fd- χάρις@n-p---fd- δωρέω@v-sppefa- ὅμως@d-------- ὁ@l-p---fa- ἐκεῖνος@p-s---fg- εὐεργεσία@n-p---fa- σφετερίζω@v--pne--- τολμάω@v3ppia--- καί@c-------- ὡς@c-------- αὐτός@p-p---mn- πᾶς@a-p---ng- αἴτιος@a-p---mn- μεταδίδωμι@v3ppia--- οὐδείς@p-s---md- οὐδείς@p-s---md- μισανθρωπία@n-s---fa- ὁμοῦ@d-------- καί@c-------- ἀσέβεια@n-s---fa- ἀσκέω@v-pppamn- ὅς@p-p---ma- ἐπεί@c-------- γνώμη@n-p---fd- ἑκούσιος@a-p---fd- ἀρετή@n-s---fa- οὐ@d-------- διαπονέω@v3paia--- ἀέκων@a-p---ma- νουθετέω@v3spia--- καί@c-------- παιδεύω@v3siia--- νόμος@n-p---md- ἱερόν@a-p---md- ὅς@p-p---md- ὁ@l-s---mn- μέν@d-------- σπουδαῖος@a-s---mn- ἐθελοντής@n-s---mn- ὁ@l-s---mn- δέ@c-------- μοχθηρός@a-s---mn- ἀέκων@a-s---mn- πειθαρχέω@v3spia---"
"Virtut._95","κελεύω@v3ppia--- ὁ@l-p---mn- νόμος@n-p---mn- δεκάτη@n-p---fa- μέν@d-------- ἀπό@r-------- τε@c-------- σῖτος@n-s---mg- καί@c-------- οἶνος@n-s---ng- καί@c-------- ἔλαιον@n-s---ng- καί@c-------- θρέμμα@n-p---ng- ἥμερος@a-p---ng- καί@c-------- ἔριον@n-p---ng- ἀπάρχομαι@v--pne--- ὁ@l-p---md- ἱερόω@v-pppemd- ἀπό@r-------- δέ@c-------- ὁ@l-s---fg- κατά@r-------- ἀγρός@n-p---ma- ὀπώρα@n-s---fg- καί@c-------- ὁ@l-p---fg- ἄλλος@p-p---fg- ἀκρόδρυα@n-p---fg- κατά@r-------- ὁ@l-s---na- ἀνάλογος@a-s---na- ὁ@l-s---fg- κτῆσις@n-s---fg- ἐν@r-------- τάλαρος@n-p---md- πλήρης@a-p---nd- κομίζω@v--pna--- σύν@r-------- ἀοιδή@n-p---fd- εἰς@r-------- ὁ@l-s---ma- θεός@n-s---ma- ποιέω@v-prpefd- ὅς@p-p---fa- ἀναγράφω@a-p---fa- στηλιτεύω@v3ppia--- ὁ@l-p---fn- ἱερός@a-p---fns βίβλος@n-p---fn- καί@c-------- προσέτι@d-------- βοῦς@n-p---fg- καί@d-------- πρόβατον@n-p---ng- καί@c-------- αἴξ@n-p---mg- ὁ@l-p---na- πρωτότοκος@a-p---na- μή@d-------- ὥσπερ@c-------- ἴδιος@a-p---na- κατατάσσω@v--pna--- ἐν@r-------- ὁ@l-p---fd- ἀγέλη@n-p---fd- ἀλλά@c-------- καί@d-------- οὗτος@p-p---na- νομίζω@v--pna--- ἀπαρχή@n-p---fa- ὅπως@c-------- ἐξεθίζω@v-pppemn- ὁ@l-s---fd- μέν@d-------- τιμάω@v--pna--- ὁ@l-s---na- θεῖος1@a-s---na- ὁ@l-s---fd- δέ@c-------- μή@d-------- πᾶς@a-p---na- κερδαίνω@v--pna--- εὐσέβεια@n-s---fd- καί@c-------- φιλανθρωπία@n-s---fd- ὁ@l-p---fd- ἀρετή@n-p---fg- ἡγεμονίς@n-p---fd- ἐπικοσμέω@v3ppse---"
"Virtut._96","πάλιν@n-s---ma- ἐάν@c-------- εἶδον@v2sasa--- φημί@v3spia--- τις@p-s---cg- ὁ@l-p---mg- οἰκεῖος@a-p---mg- ἤ1@c-------- φίλος@n-p---mg- ἤ1@c-------- ὅλος@d-------- ὅς@p-p---mg- οἶδα@v2sria--- ἄνθρωπος@n-p---mg- ὑποζύγιον@a-s---na- ἐν@r-------- ἐρημία@n-s---fd- πλανάω@v-sppema- ἀπάγω@v-sapamn- ἀποδίδωμι@v2sama--- καί@d-------- ἄν@c-------- ἄρα@d-------- τύχη@v3sasa--- μακράν@d-------- ἀφίστημι@v-srpamn- ὁ@l-s---mn- δεσπότης@n-s---mn- μετά@r-------- ὁ@l-p---mg- σεαυτοῦ@p-s---mg- διαφυλάσσω@v2sama--- ἄχρι@c-------- ἄν@d-------- ἐπανέρχομαι@v-sapamn- κομίζω@v3sasm--- παρακαταθήκη@n-s---fa- ὅς@p-s---fa- οὐ@d-------- δίδωμι@v3saia--- ἀλλά@c-------- ’@c-------- ὅς@p-s---fa- αὐτός@p-s---mn- ἐξευρίσκω@v-sapamn- ἕνεκα@r-------- φυσικός@a-s---fg- κοινωνία@n-s---fg- ἀποδίδωμι@v2spia---"
"Virtut._97","ὁ@l-p---nn- δέ@d-------- περί@r-------- ὁ@l-s---ng- ἕβδομος@a-s---ng- ἔτος@n-s---ng- νομοθετέω@v-pappna- κατά@r-------- ὅς@p-s---na- δεῖ@v3siia--- ὁ@l-s---fa- μέν@d-------- χώρα@n-s---fa- ἀνίημι@v--pne--- πᾶς@a-s---fa- ἀργός2@n-s---fa- ἀφίημι@v-sppefa- ὁ@l-p---ma- δέ@c-------- πένης@n-p---ma- ἀδεής@d-------- ὁ@l-p---nd- ὁ@l-p---mg- πλούσιος@a-p---mg- χωρίον@n-p---nd- ἐπιβατεύω@v--pna--- δρέπω@v-pfpmma- ὁ@l-s---ma- ἀπαυτοματίζω@v-sappma- καρπός@n-s---ma- δώρημα@n-s---nn- φύσις@n-s---fg- ἆρα@d-------- οὐ@d-------- χρηστός@a-p---nn- καί@c-------- φιλάνθρωπος@a-p---nn-"
"Virtut._98","ἑξαετία@n-s---fa- φημί@v3spia--- ἀπολαύω@v3ppma--- ὁ@l-p---mn- κτήτορες@n-p---mn- ἀντί@r-------- ὅς@p-p---ng- κτάομαι@v3paim--- καί@c-------- γεωπονέω@v3paia--- εἷς@a-s---ma- δέ@c-------- ἐνιαυτός@n-s---ma- ἕβδομος@a-s---ma- ὁ@l-p---mn- ἀκτήμων@a-p---mn- καί@c-------- ἀχρήματος@a-p---mn- μηδείς@p-s---mg- ὁ@l-p---ng- κατά@r-------- γεωργία@n-s---fa- ἐπιτελέω@v-sappmg- ἄδικος@a-s---nn- γάρ@d-------- εἰμί@v3siia--- ἕτερος@a-p---ma- μέν@d-------- πονέω@v--pna--- ἕτερος@a-p---ma- δέ@c-------- καρπόω@v--pne--- ἀλλά@c-------- ἵνα@c-------- τρόπος@n-s---ma- τις@a-s---ma- ὁ@l-p---mg- χωρίον@n-p---ng- ἄδοτος@a-p---mg- ἐάω@v-pappng- μή@d-------- συνεφάπτομαι@v-sapmfg- γεωργία@n-s---fg- ἄρτιος@a-p---fn- καί@c-------- πλήρης@a-s---fn- ὁ@l-p---fn- χάρις@n-p---fn- ἐκ@r-------- θεός@n-s---mg- μόνος@a-s---mg- γίγνομαι@v3ppse--- προαπαντάω@v-pppafn- ὁ@l-p---md- δέω2@v-pppemd-"
"Virtut._99","τίς@p-s---nn- δέ@d-------- ὅσος@a-p---nn- περί@r-------- ὁ@l-s---mg- πεντηκοστός@a-s---mg- ἐνιαυτός@n-s---mg- διατάσσω@v3srie--- οὐ@d-------- πᾶς@a-s---fa- ὑπερβάλλω@v3spia--- φιλανθρωπία@n-s---fa- καί@d-------- τις@p-s---mn- οὐ@d-------- ἄν@d-------- εἶπον@v3saoa--- ὁ@l-p---mg- μή@d-------- χεῖλος@n-p---nd- ἄκρος@a-p---md- ἀπογεύω@v-papmmg- ὁ@l-s---fg- νομοθεσία@n-s---fg- ἀλλά@c-------- ’@c-------- ἐπί@r-------- πλέος@a-s---nac ἑστιάω@v-papemg- καί@c-------- ἐντρυφάω@v-papamg- ἡδύς@a-p---nds ἅμα@d-------- καί@c-------- καλός@a-p---nds δόγμα@n-p---nd-"
"Virtut._100","ἐπιτελέω@v3spie--- μέν@d-------- γάρ@d-------- ὅς@d-------- καί@d-------- ὁ@l-s---md- ἕβδομος@a-s---nd- προσλαμβάνω@v3sria--- δέ@c-------- ἔτι@d-------- μέγας@a-p---nac ἀνάληψις@n-s---fa- ὁ@l-p---ng- ἴδιος@a-p---ng- κτῆμα@n-p---ng- ὅς@p-p---nn- διά@r-------- καιρός@n-p---ma- ἀβούλητος@a-p---ma- παραχωρέω@v3paia--- ἕτερος@a-p---md- οὐ@d-------- τε@d-------- γάρ@d-------- παγκτησία@n-s---fa- ἔχω@v--pna--- ὁ@l-p---mg- ἀλλότριος@a-p---mg- ἐφίημι@v3spia--- ὁ@l-p---fa- εἰς@r-------- πλεονεξία@n-s---fa- ἐπιφράσσω@v-sppamn- ὁδός@n-p---fa- ἕνεκα@r-------- ὁ@l-s---ng- στέλλω@v--ana--- ὁ@l-s---fa- ἐπίβουλος@a-s---fa- καί@c-------- πᾶς@a-p---ng- κακός@a-p---ng- αἰτία@a-s---fa- ἐπιθυμία@n-s---fa- οὐ@d-------- τε@c-------- ὁ@l-p---ma- κλήρουχος@n-p---ma- εἰς@r-------- ἅπας@a-s---na- οἴομαι@v3saip--- χρή@v--pna--- ὁ@l-p---mg- οἰκεῖος@a-p---mg- ἀποστερέω@v--pne--- πενία@n-s---fd- δίδωμι@v-pppama- δίκη@n-p---fa- ὅς@p-s---fa- κολάζω@v--pne--- μέν@d-------- οὐ@d-------- θέμις@n-s---fn- ἐλεέω@v--pne--- δέ@c-------- ἀναγκαῖος@a-s---nn-"
"Virtut._101","εἰμί@v3spia--- δέ@d-------- καί@d-------- ἄλλος@p-p---nn- μυρίος@a-p---nn- ὁ@l-p---ng- ἐν@r-------- μέρος@n-s---nd- διατάσσω@v-prpeng- πρός@r-------- ὁ@l-p---ma- ὁμοεθνής@a-p---ma- χρηστός@a-p---nn- καί@c-------- φιλάνθρωπος@a-p---nn- ὅς@p-p---ng- ἀποχρώντως@d-------- ἐν@r-------- ὁ@l-p---fd- πρότερος@a-p---fd- σύνταξις@n-p---fd- ἐπιμιμνήσκομαι@v-sappmn- ἀρκέω@v1sfip--- ὁ@l-p---nd- ἄρτιος@d-------- ἐρῶ@v-prpend- ὅς@p-p---na- δεῖγμα@n-s---ng- ἕνεκα@r-------- καίριος@d-------- προσλαμβάνω@v1saia---"
"Virtut._102","νομοθετέω@v-sapamn- δέ@d-------- περί@r-------- ὁ@l-p---ng- ὁμοεθνής@a-p---ng- καί@d-------- ὁ@l-p---ma- ἐπηλύτης@n-p---ma- οἴομαι@v3spie--- δεῖ@v--pna--- προνομία@n-s---fg- ὁ@l-s---fg- πᾶς@a-s---fg- ἀξιόω@v--pne--- γενεά@n-s---fa- μέν@d-------- ὁ@l-s---fa- ἀπό@r-------- αἷμα@n-s---ng- καί@d-------- πατρίς@n-s---fa- καί@d-------- ἔθος@n-p---na- καί@d-------- ἱερόν@n-p---na- καί@d-------- ἀνάθημα@n-p---na- θεός@n-p---mg- γέρας@n-p---na- τε@c-------- καί@c-------- τιμή@n-p---fa- ἀπολιμπάνω@n-p---ma- καλός@a-s---fa- δέ@c-------- ἀποικία@n-s---fa- στέλλω@v-papmma- ὁ@l-s---fa- ἀπό@r-------- ὁ@l-p---ng- μυθικός@a-p---ng- πλάσμα@n-p---ng- πρός@r-------- ὁ@l-s---fa- ἀλήθεια@n-s---fg- ἐνάργεια@n-s---fa- καί@c-------- ὁ@l-s---ma- σεβασμός@n-s---ma- ὁ@l-s---mg- εἷς@a-s---mg- καί@d-------- ὄντως@d-------- εἰμί@v-sppamg- θεός@n-s---mg-"
"Virtut._103","κελεύω@v3spia--- δή@d-------- ὁ@l-p---md- ἀπό@r-------- ὁ@l-s---ng- ἔθνος@n-s---ng- ἀγαπάω@v--pna--- ὁ@l-p---ma- ἐπηλύτης@n-p---ma- μή@d-------- μόνος@d-------- ὡς@c-------- φίλος@n-p---ma- καί@c-------- συγγενής@a-p---ma- ἀλλά@c-------- καί@d-------- ὡς@r-------- ἑαυτοῦ@p-p---ma- κατά@r-------- τε@c-------- σῶμα@n-s---na- καί@c-------- ψυχή@n-s---fa- κατά@r-------- μέν@d-------- σῶμα@n-s---na- ὡς@c-------- οἷος@a-s---nn- τε@d-------- κοινοπαθέω@v-pppama- κατά@r-------- δέ@d-------- ὁ@l-s---fa- διάνοια@n-s---fa- ὁ@l-p---na- αὐτός@p-p---na- λυπέω@v-pppema- τε@c-------- καί@c-------- χαίρω@v-pppama- ὡς@c-------- ἐν@r-------- διαιρετός@a-p---nd- μέρος@n-p---nd- εἷς@a-s---nn- εἰμί@v--pna--- ζῷον@n-s---nn- δοκέω@v--pna--- ἁρμόζω@v-sppefg- καί@c-------- συμφυής@a-s---na- ἀπεργάζομαι@v-sppefg- ὁ@l-s---fg- κατά@r-------- αὐτός@p-s---na- κοινωνία@n-s---fg-"
"Virtut._104","οὐκέτι@d-------- ’@d-------- ἄν@d-------- εἶπον@v1saoa--- περί@r-------- σιτίον@n-p---ng- καί@d-------- ποτόν@n-p---ng- καί@d-------- ἐσθής@n-s---fg- καί@c-------- ὁ@l-p---ng- ἄλλος@p-p---ng- ὅσος@p-p---na- περί@r-------- δίαιτα@n-s---fa- καί@c-------- ὁ@l-p---fa- ἀναγκαῖος@n-p---fa- χρεία@n-p---fa- ὅς@p-p---na- ὁ@l-p---md- ἔπηλυς@a-p---md- δίδωμι@v3spia--- ὁ@l-s---mn- νόμος@n-s---mn- παρά@r-------- ὁ@l-p---mg- αὐτοχθόνιος@a-p---mg- ἕπομαι@v3spie--- γάρ@d-------- οὗτος@p-p---nn- πᾶς@a-p---nn- θεσμός@n-p---md- ὁ@l-p---md- ὁ@l-s---fg- εὔνοια@n-s---fg- ὁ@l-s---mg- στέργω@v-sppamg- ὅμοιος@d-------- ἀγαπάω@v-sppamg- ὁ@l-s---ma- ἐπήλυτος@a-s---ma- ὡς@c-------- ἑαυτοῦ@p-s---ma-"
"Virtut._105","ἔτι@c-------- τοίνυν@d-------- ἐπιτείνω@v-sppamn- καί@c-------- ἐπελαύνω@v-sppamn- ὁλκός@n-s---ma- φύσις@n-s---fd- πρᾶγμα@n-s---na- φιλανθρωπία@n-s---fa- διατάσσω@v3spie--- καί@d-------- περί@r-------- μέτοικος@a-p---mg- ἀξιόω@v-sppamn- ὁ@l-p---ma- μετανάστης@n-p---ma- ἐν@r-------- καιρός@n-p---md- γίγνομαι@v-papmma- ἀπονέμω@v--pna--- τις@a-s---fa- ὁ@l-p---md- ὑποδέχομαι@v-papmmd- τιμή@n-s---fa- εὖ@d-------- μέν@d-------- ποιέω@v-prpamd- καί@c-------- φιλόξενος@d-------- προσφέρω@v-pappmd- πᾶς@a-s---fa- εἰ@c-------- δέ@c-------- μηδείς@p-s---na- ἔξω@r-------- ὁ@l-s---fg- ὑποδοχή@n-s---fg- παρέχω@v3paoa--- μέτριος@a-s---fac ὁ@l-s---nn- γάρ@d-------- ἐνορμίζω@v--anm--- πόλις@n-s---fd- μηδείς@p-s---na- προσήκω@v3sasa--- μᾶλλον@d-------- δέ@c-------- καί@c-------- ὁ@l-s---na- ἐπιβαίνω@v--ana--- ἔδαφος@n-s---ng- αὐτός@p-s---na- μόνος@d-------- ἀλλότριος@a-s---ng- κατά@r-------- ’@r-------- ἑαυτοῦ@p-s---na- δωρεά@n-s---fn- τις@p-s---cn- εἰμί@v3spia--- ἀποχράω@v-sppafn- ὁ@l-p---md- μή@d-------- δύναμαι@v-pppemd- ὁ@l-s---fa- ἴδιος@a-s---fa- οἰκέω@v--pna---"
"Virtut._106","ὁ@l-s---mn- δέ@d-------- γε@d-------- προσυπερβάλλω@v-sppamn- ὁ@l-p---ma- ἐπιείκεια@n-p---fa- ὅρος@n-p---ma- αὐτός@p-s---fg- οἴομαι@v3spie--- δεῖ@v--pna--- καί@d-------- ὁ@l-p---md- κακός@d-------- ποιέω@v-prpamd- ὁ@l-p---mg- ξενοδόχος@n-p---mg- μή@d-------- μνησικακέω@v--pna--- εἰ@c-------- καί@d-------- μή@d-------- ὁ@l-p---fa- πρᾶξις@n-p---fa- ὄνομα@n-s---na- γοῦν@d-------- ἔχω@v3ppia--- φιλάνθρωπον@a-s---na- ἄντικρυς@d-------- γοῦν@d-------- φημί@v3spia--- οὐ@d-------- βδελύσσομαι@v2sasm--- αἰγύπτιος@n-s---na- ὅτι@c-------- πάροικος@n-s---mn- γίγνομαι@v2saim--- κατά@r-------- αἴγυπτος@n-s---ma- deut@i-------- 23@x-------- 7@v2spma---"
"Virtut._107","καίτοι@d-------- τίς@a-s---na- κακός@a-s---na- παραλείπω@v3paia--- ὁ@l-p---mn- αἰγύπτιος@n-p---mn- ὅς@p-s---na- μή@d-------- ὁ@l-s---nd- ἔθνος@n-s---nd- προστρίβω@v3paim--- νέος@a-p---na- παλαιός@a-p---md- συνυφαίνω@v-pppamn- ἀεί@d-------- καινουργέω@v-prpefd- ἐπίνοια@n-p---fd- εἰς@r-------- ὠμότης@n-s---fa- ἀλλά@d-------- ὅμως@d-------- ἐπεί@c-------- ὁ@l-s---fa- ἀρχή@n-s---fa- δέχομαι@v3paim--- ὁ@l-p---fa- πόλις@n-p---fa- οὐ@d-------- ἀποκλείω@v-papamn- οὐ@d-------- δέ@c-------- ὁ@l-s---fa- χώρα@n-s---fa- ἄβατος@a-s---fa- ὁ@l-p---md- ἥκω@v-pppamd- παρασκευάζω@v-papamn- ἔχω@v3ppma--- προνομία@n-s---fa- φημί@v3spia--- ὁ@l-s---fg- ὑποδοχή@n-s---fg- ὁ@l-s---na- ἔνσπονδος@a-s---na-"
"Virtut._108","καί@d-------- ἄν@d-------- εἰ@c-------- τις@p-p---mn- ἐθέλω@v3paoa--- αὐτός@p-p---mg- μεταλλάσσω@v--anm--- πρός@r-------- ὁ@l-s---fa- ἰουδαῖος@n-p---mg- πολιτεία@n-s---fa- οὐ@d-------- ὡς@c-------- ἐχθρός@v-sppamn- παῖς@n-p---ma- ἀσυμβάτως@d-------- σκορακιστέος@a-s---nn- ἀλλά@c-------- οὕτως@d-------- προσεκτέον@a-s---nn- ὡς@c-------- τρίτος@a-s---fa- γενεά@n-s---fa- καλέω@v--pna--- τε@d-------- εἰς@r-------- ἐκκλησία@n-s---fa- ibid@x-------- v@x-------- καί@c-------- μεταδίδωμι@v--pna--- λόγος@n-p---mg- θεῖος2@a-p---mg- ὅς@p-p---md- θέμις@n-s---fn- καί@c-------- ὁ@l-p---ma- αὐτόχθων@a-p---ma- καί@c-------- εὐπατρίδης@n-p---ma- ἱεροφαντέω@v--pne---"
"Virtut._109","οὗτος@p-p---na- μέν@d-------- ὑπέρ@r-------- ὁ@l-p---mg- ὑποδέχομαι@v-papmmg- πρός@r-------- ὁ@l-p---ma- μέτοικος@n-p---ma- νομοθετέω@v3spia--- χρηστός@a-p---nn- δέ@d-------- ἕτερος@a-p---nn- καί@c-------- μεστός@a-p---nn- ἡμερότης@n-s---fg- ὑπέρ@r-------- πολέμιος@n-p---mg- ἀξιόω@v3spia--- γάρ@d-------- αὐτός@p-p---ma- καί@d-------- ἄν@c-------- ἐπί@r-------- θύρα@n-p---fd- εἰμί@v3ppsa--- ἤδη@d-------- ὁ@l-p---nd- τεῖχος@n-p---nd- ἐφίστημι@v-prpamn- ἐν@r-------- ὁ@l-p---fd- πανοπλία@n-p---fd- καί@c-------- ὁ@l-p---fa- ἄμαξα@n-p---fa- ἐφίστημι@v-pppamn- μήπω@d-------- νομίζω@v--pne--- πολέμιος@n-p---ma- ἄχρι@c-------- ἄν@d-------- αὐτός@p-p---ma- ἐπικηρυκεύομαι@v-papemn- προκαλέω@v3pasm--- πρός@r-------- εἰρήνη@n-s---fa- ἵνα@c-------- εἰ@c-------- μέν@d-------- ἐνδίδωμι@v3paoa--- ὁ@l-s---na- μέγας@a-s---nas ἀγαθός@a-s---na- εὑρίσκω@v3paoa--- φιλία@n-s---fa- εἰ@c-------- δέ@c-------- ἀπειθής@a-s---nac ἐναντιόομαι@v3ppoe--- συμμαχία@n-s---fa- ὁ@l-s---fa- ὁ@l-s---ng- δίκαιος@a-s---ng- προσλαμβάνω@v-prpamn- ἐλπίς@n-s---fd- νίκη@n-s---fg- ἔπειμι2@v3ppsa--- πρός@r-------- ἄμυνα@n-s---fa-"
"Virtut._110","ἐάν@c-------- μέντοι@d-------- καί@d-------- ἐκ@r-------- προνομή@n-s---fg- εὔμορφος@a-s---fg- γυνή@n-s---fg- εἰς@r-------- ἐπιθυμία@n-s---fa- ἔρχομαι@v2sasa--- μή@d-------- ὡς@d-------- αἰχμάλωτος@a-s---fd- φημί@v3spia--- ἐναπερύγω@v2sasa--- ὁ@l-s---na- πάθος@n-s---na- ἀλλά@c-------- ’@c-------- ἥμερος@a-s---na- οἰκτίζω@v-sapmmn- ὁ@l-s---fg- μεταβολή@n-s---fg- ἐπικουφίζω@v2sama--- ὁ@l-s---fa- συμφορά@n-s---fa- μεθαρμόζω@v-sapmmn- πᾶς@a-p---na- πρός@r-------- ὁ@l-s---na- βελτίων@a-s---na-"
"Virtut._111","ἐπικουφιέω@v2spia--- δέ@d-------- ὁ@l-p---fa- μέν@d-------- ὁ@l-s---fg- κεφαλή@n-s---fg- θρίξ@n-p---fa- ἀποκείρω@v-sapamn- περιαιρέω@v-sapamn- δέ@d-------- ὄνυξ@n-p---ma- ἀπαμφιάζω@v-sapamn- δέ@d-------- ὁ@l-s---fa- ἐσθής@n-s---fa- ὅς@p-s---fa- ἔχω@v-sppafn- ζωγρέω@v3saip--- τριάκοντα@a-------- δέ@c-------- ἡμέρα@n-p---fa- ἀνίημι@v-sapamn- καί@c-------- ἐπιτρέπω@v-sapamn- αὐτός@p-s---fd- πενθέω@v--ana--- καί@c-------- ἀποδακρύω@v--ana--- μετά@r-------- ἄδεια@n-s---fg- πατήρ@n-s---ma- καί@d-------- μήτηρ@n-s---fa- καί@c-------- ὁ@l-p---ma- ἄλλος@a-p---ma- οἰκεῖος@a-p---ma- ὅς@p-p---mg- ἀποζεύγνυμι@v3saip--- θνήσκω@v-prpamg- ἤ1@c-------- θάνατος@n-s---mg- χείρων@a-p---ma- ὑπομένω@v-pppamg- ὁ@l-p---fa- ἐν@r-------- δουλεία@n-s---fd- συμφορά@n-p---fa- μετά@r-------- δέ@g-------- οὗτος@a-p---na- ὡς@d-------- γαμετή@n-s---fd- νόμος@n-s---md- συνέρχομαι@v2spme---"
"Virtut._112","ὁ@l-s---fa- γάρ@d-------- μέλλω@v-sppafa- εὐνή@n-s---fg- ἀνήρ@n-s---mg- ἐπιβαίνω@v--fnm--- μή@d-------- κατά@r-------- μισθαρνία@n-s---fa- ὡς@c-------- ἑταίρα@n-s---fa- ὁ@l-s---na- ὁ@l-s---fg- ὥρα@n-s---fg- ἄνθος@n-s---na- καπηλεύω@v-sppafa- ἀλλά@c-------- ἤ1@d-------- διά@r-------- ’@r-------- ἔρως@n-s---ma- ὁ@l-s---mg- σύνειμι1@v-sppamg- ἤ1@c-------- διά@r-------- τέκνον@n-p---ng- γένεσις@n-s---fa- ὅσιος@a-s---ma- θεσμός@n-p---mg- ὁ@l-p---mg- ἐπί@r-------- τέλειος@a-p---md- γάμος@n-p---md- ἀξιόω@v--pne---"
"Virtut._113","πάνυ@d-------- καλός@d-------- διατάσσω@v-sapmmn- ἕκαστος@a-p---na- πρῶτος@a-s---na- μέν@d-------- γάρ@d-------- οὐ@d-------- ἐάω@v3saia--- ἀχάλινος@a-s---fa- φέρω@v--pne--- ὁ@l-s---fa- ἐπιθυμία@n-s---fa- ἀπαυχενίζω@v-sppafa- ἀλλά@c-------- στέλλω@v3saim--- ὁ@l-s---na- σφοδρός@a-s---na- αὐτός@p-s---fg- ἡμέρα@n-p---fa- τριάκοντα@a-------- χαλάω@v-sapamn- δεύτερος@a-s---na- δέ@d-------- ὁ@l-s---ma- ἔρως@n-s---ma- βασανίζω@v3spia--- πότερον@a-s---na- ἐπιμανής@a-s---mn- καί@d-------- ἁψίκορος@a-s---mn- καί@c-------- ὅλος@a-s---mn- ὁ@l-s---ng- πάθος@n-s---ng- εἰμί@v3spia--- ἤ1@c-------- μετέχω@v3spia--- ὁ@l-s---fg- καθαρός@a-s---fgc ἰδέα@n-s---fg- ἀνακράζω@v-srpemg- λογισμός@n-s---mg- λογισμός@n-s---mn- γάρ@d-------- πεδάω@v3sfia--- ὁ@l-s---fa- ἐπιθυμία@n-s---fa- οὐδείς@p-s---na- ὑβριστικός@a-s---na- ἐάω@v-sapamn- αὐτός@p-s---fa- ἐξεργάζομαι@v--anm--- ἀλλά@c-------- ὁ@l-s---fa- μηνιαῖος@a-s---fa- προθεσμία@n-s---fa- ἐπέχω@v--ana---"
"Virtut._114","τρίτος@a-s---na- δέ@d-------- ἐλεέω@v3spia--- ὁ@l-s---fa- αἰχμάλωτος@a-s---fa- εἰ@c-------- μέν@d-------- παρθένος@n-s---fn- εἰμί@v3spia--- ὅτι@c-------- γονεύς@n-p---mn- οὐ@d-------- ἐγγυάω@v3ppsa--- ὁ@l-s---fa- εὐκταιότατος@a-s---fas ἁρμόζω@v-pppemn- σύνοδος2@n-s---fa- εἰ@c-------- δέ@c-------- χήρα@n-s---fn- διότι@c-------- ὁ@l-s---mg- κουρίδιος@n-s---ng- στέρομαι@v-sppefn- πεῖρα@n-s---fa- ἕτερος@a-s---mg- κατεπείγω@v3sasa--- λαμβάνω@v--ana--- καί@c-------- οὗτος@p-p---nn- ἐπανατείνω@v-sapmmg- ὁ@l-s---ma- δεσποτικός@a-s---ma- φόβος@n-s---ma- καί@d-------- ἄν@c-------- ἰσότης@n-s---fa- ἐπιτηδεύω@v3spsa--- ὁ@l-s---nn- γάρ@d-------- ὑπακούω@v-sppann- ἀεί@d-------- ὁ@l-s---fa- ὁ@l-s---mg- κρατέω@v-sppamg- καί@d-------- ἄν@c-------- ἥμερος@a-s---nnc εἰμί@v3spsa--- δείδω@v3sria--- ἰσχύς@n-s---fa-"
"Virtut._115","ἐάν@c-------- δέ@d-------- τις@p-s---mn- ὁ@l-s---fg- ἐπιθυμία@n-s---fg- ἀποπληρόω@v-sappmn- καί@c-------- διακορέω@n-s---mn- γίγνομαι@v-sapmmn- μηκέτι@d-------- κοινωνέω@v--pna--- ὁμιλία@n-s---fg- ἀξιόω@v3spsa--- ὁ@l-s---fg- πρός@r-------- ὁ@l-s---fa- αἰχμάλωτος@a-s---fa- οὐ@d-------- ζημιόω@v3spia--- μᾶλλον@d-------c αὐτός@p-s---ma- ἤ1@c-------- νουθετέω@v3spia--- καί@c-------- παιδεύω@v3spia--- πρός@r-------- βελτίωσις@n-s---fa- ἦθος@n-p---ng- κελεύω@v3spia--- γάρ@d-------- μή@d-------- τε@d-------- πιπράσκω@v--pna--- μή@d-------- τε@c-------- ἔτι@d-------- δούλη@n-s---fa- ἔχω@v--pna--- ἀλλά@c-------- χαρίζω@v--pne--- μέν@d-------- ἐλευθερία@n-s---fa- αὐτός@p-s---fd- χαρίζω@v--pne--- δέ@c-------- καί@d-------- ὁ@l-s---fa- ἐκ@r-------- ὁ@l-s---fg- οἰκία@n-s---fg- ἀπαλλαγή@n-s---fa- ἀδεής@a-s---fa- ὡς@c-------- μή@d-------- γυνή@n-s---fg- ἕτερος@a-s---fg- ἐπεισέρχομαι@v-sapafg- ἐκ@r-------- ἔρις@n-s---fg- οἷος@p-p---na- φιλέω@v3spia--- κατά@r-------- ζηλοτυπία@n-s---fa- πάσχω@v3sasa--- τις@p-s---na- ὁ@l-p---ng- ἀνήκεστος@a-p---ng- ἅμα@d-------- καί@c-------- ὁ@l-s---mg- δεσπότης@n-s---mg- καινός@a-p---nd- φίλτρον@n-p---nd- ὑπάγω@v-srpemg- καί@c-------- ὁ@l-p---mg- παλαιός@a-p---mg- ἀλογέω@v-sppamg-"
"Virtut._116","ἕτερος@a-p---na- δέ@d-------- ἐπί@r-------- ’@r-------- ἕτερος@a-p---nd- ἐπαντλέω@v-sppamn- οὖς@n-p---nd- φιλήκους@a-p---nd- εἰς@r-------- ἡμερότης@n-s---fa- προστάσσω@v3spia--- καί@c-------- ἄν@c-------- ἐχθρός@n-p---mg- ὑποζύγιον@n-p---nn- ἀχθοφορέω@v-sppama- ὁ@l-s---nd- βάρος@n-s---nd- πιέζω@v-pappnn- προπίτνω@v3sasa--- μή@d-------- παρέρχομαι@v--ana--- ἀλλά@c-------- συνεπικουφίζω@v--ana--- καί@c-------- συναγείρω@v--ana--- πρόσωθεν@d-------- ἀναπαιδεύω@v-sppamn- ὁ@l-s---na- μή@d-------- ὁ@l-p---md- ἀβούλητος@a-p---md- ὁ@l-p---mg- ἐχθραίνω@v-papamg- ἐφήδομαι@v--pne--- βαρύμηνις@a-s---nd- πάθος@n-s---na- ἐπιχαιρεκακία@n-s---fa- οἶδα@v-srpamn- ἀδελφός@n-s---ma- ὁμοῦ@d-------- καί@c-------- ἀντίπαλος@a-s---ma- φθόνος@n-s---mg- συγγενής@a-s---na- μέν@d-------- ὅτι@c-------- ἐκ@r-------- πάθος@n-s---ng- ἑκάτερος@a-s---nn- καί@d-------- γίγνομαι@v3saom--- ἄν@d-------- ἄμφω@p-d---mn- περί@r-------- ὁ@l-p---ng- αὐτός@p-p---ng- προσέρχομαι@v-pppenn- καί@c-------- μόνος@a-s---na- οὐ@d-------- κατακολουθέω@v-pppann- ἀλλήλων@p-p---md- ἀντίπαλος@a-s---na- δέ@c-------- ὅτι@c-------- ὁ@l-s---mn- μέν@d-------- ἐπί@r-------- ὁ@l-p---nd- ὁ@l-s---ng- πέλας@d-------- ἀγαθός@a-p---nd- λύπη@n-s---fa- ὁ@l-s---fn- δέ@c-------- ἐπί@r-------- ὁ@l-p---nd- ὁ@l-s---ng- πλησίος@d-------- κακός@a-p---nd- ἡδονή@n-s---fa- ἀπεργάζομαι@v3spie---"
"Virtut._117","καί@d-------- ἄν@c-------- πλανάω@v-sppena- μέντοι@d-------- φημί@v3spia--- ἐχθρός@a-s---mg- τις@a-s---mg- εἶδον@v2sasa--- ὑποζύγιον@a-s---na- ὁ@l-p---na- ὁ@l-s---fg- διαφορά@n-s---fg- παραλείπω@v-sapamn- ὑπέκκαυμα@n-p---na- βαρύς@a-p---nd- ἦθος@n-p---nd- ἀπάγω@v-sapamn- ἀποδίδωμι@v2sama--- οὐ@d-------- γάρ@d-------- ἐκεῖνος@p-s---ma- μᾶλλον@d-------c ὀνίνημι@v2sfia--- ἤ1@c-------- σεαυτοῦ@p-s---ma- ἐπεί@c-------- ὁ@l-s---md- μέν@d-------- ἄλογος@a-s---nn- ζῷον@n-s---nn- καί@c-------- οὐδείς@p-s---ng- ἴσως@d-------- ἄξιος@a-s---nn- περιγίγνομαι@v3spie--- σύ@p2s---cd- δέ@d-------- ὁ@l-s---na- μέγας@a-s---nas καί@c-------- τίμιος@a-s---nas ὁ@l-p---ng- ἐν@r-------- ὁ@l-s---fd- φύσις@n-s---fd- καί@d-------- αλοκἀγαθία@n-s---fn-"
"Virtut._118","ἕπομαι@v3spie--- δέ@d-------- κατά@r-------- ὁ@l-s---na- ἀναγκαῖος@a-s---na- ὥσπερ@c-------- σκιά@n-s---fn- σῶμα@n-s---nd- καί@c-------- οὗτος@p-s---fd- ὁ@l-s---fg- ἔχθρα@n-s---fg- διάλυσις@n-s---fn- ὅς@l-s---mn- τε@d-------- γάρ@d-------- εὖ@d-------- πάσχω@v-srpamn- ἀέκων@a-s---mn- ἄγω@v3spie--- πρός@r-------- ὁ@l-s---na- ἔνσπονδος@n-s---na- χάρις@n-s---fd- δουλόω@v-sappmn- ὅς@l-s---mn- τε@c-------- ὠφελέω@v-srpamn- σύμβουλος@n-s---md- χράομαι@v-sppemn- καλός@a-s---fd- πρᾶξις@n-s---fd- σχεδόν@d-------- ἤδη@d-------- πρός@r-------- καταλλαγή@n-p---fa- ὁ@l-s---fa- διάνοια@n-s---fa- τρέπω@v3srie---"
"Virtut._119","οὗτος@p-s---na- δέ@d-------- μάλιστα@d-------- βούλομαι@v3spie--- διά@r-------- πᾶς@a-s---fg- ὁ@l-s---fg- νομοθεσία@n-s---fg- ὁ@l-s---mn- ἱερός@a-s---mns προφήτης@n-s---mn- κατασκευάζω@v--pna--- ὁμόνοια@n-s---fa- κοινωνία@n-s---fa- ὁμοφροσύνη@n-s---fa- κρᾶσις@n-s---fa- ἦθος@a-p---ng- ἐκ@r-------- ὅς@p-p---ng- οἰκία@n-p---fn- καί@d-------- πόλις@n-p---fn- ἔθνος@n-p---nn- τε@d-------- καί@d-------- χώρα@n-p---fn- καί@c-------- ὁ@l-s---nn- σύμπας@a-s---nn- ἄνθρωπος@n-p---mg- γένος@n-s---nn- εἰς@r-------- ὁ@l-s---fa- ἄνω@d-------- προέρχομαι@v3paoa--- εὐδαιμονία@n-s---fa-"
"Virtut._120","ἀλλά@c-------- ’@c-------- ἄχρι@r-------- μέν@g-------- ὁ@l-s---mg- πάρειμι1@v-sppang- οὗτος@a-p---nn- εἰμί@v3ppia--- εὐχή@n-p---fn- γίνομαι@v3sfim--- δέ@d-------- ὡς@c-------- γε@d-------- ἐμαυτοῦ@p-s---ma- πείθω@v1spia--- καί@d-------- ἔργον@n-p---nn- ἀψευδής@a-p---nns ὁ@l-s---mg- θεός@n-s---mg- παρέχω@v-sapamg- ὥσπερ@c-------- ἐτήσιος@a-p---ma- καρπός1@n-p---ma- εὐφορία@n-s---fa- ἀρετή@n-p---fd- ὅς@p-p---fg- μή@d-------- ἀμοιρέω@v1paoa--- ὁ@l-p---mn- ὁ@l-s---ma- πόθος@n-s---ma- αὐτός@p-p---mg- σχεδόν@d-------- ἀπό@r-------- πρῶτος@a-s---fg- ἡλικία@n-s---fg- περιφέρω@v-pppamn-"
"Virtut._121","ὅς@p-p---na- μέν@d-------- οὖν@d-------- ἐπί@r-------- ἐλεύθερος@a-p---md- γιγνώσκω@v3saia--- οὗτος@p-p---nn- καί@d-------- ὁ@l-p---nn- οὗτος@p-p---nd- εἰμί@v3spia--- παραπλήσιος@a-p---nn- συνῳδός@n-s---fn- δέ@d-------- ὡς@c-------- ἔοικα@v3sria--- καί@d-------- περί@r-------- δοῦλος@n-p---mg- νομοθετέω@v3spia--- πάλιν@d-------- ὁ@l-p---mg- συντείνω@v-pppamg- εἰς@r-------- ἡμερότης@n-s---fa- καί@c-------- φιλανθρωπία@n-s---fa- καί@d-------- οὗτος@p-p---md- μεταδίδωμι@v-sppamn-"
"Virtut._122","θής@n-s---mn- μέν@d-------- οὖν@d-------- ἕνεκα@r-------- χρεία@n-s---fg- ὁ@l-p---ng- ἀναγκαῖος@a-p---ng- ὑποβάλλω@v-prpama- ἑαυτοῦ@p-p---ma- ἄλλος@p-p---mg- ὑπηρεσία@n-p---fd- οἴομαι@v3spie--- δεῖ@v--pna--- ἀνάξιος@a-s---na- μηδείς@p-s---na- ὑπομένω@v--pna--- ὁ@l-s---fg- ἐκ@r-------- γένος@n-s---ng- ἐλευθερία@n-s---fg- παραινέω@v-sppamn- ὁ@l-p---md- τυγχάνω@v-pppamd- ὁ@l-s---fg- διακονία@n-s---fg- εἰς@r-------- ὁ@l-s---na- ὁ@l-s---fg- τύχη@n-s---fg- ἀτέκμαρτος@a-s---fa- ἀφοράω@v--pna--- καί@c-------- λαμβάνω@v--pna--- αἰδώς@n-s---fa- ὁ@l-s---fg- μεταβολή@n-s---fg- ὁ@l-p---ma- δ@d-------- ’@d-------- ἐκ@r-------- ἐφημερινός@a-p---ng- δάνειον@n-p---ng- χρεώστης@n-p---ma- ὁ@l-s---na- ὁ@l-s---fg- προσβολή@n-s---fg- ὄνομα@n-s---na- καί@c-------- πάθος@n-s---na- ὑποδύομαι@v-papama- ἤ1@c-------- καί@d-------- ὁ@l-p---ma- ἀνάγκη@n-s---fd- βιαστικός@a-s---fdc γίγνομαι@v-papmma- ἐκ@r-------- ἐλεύθερος@a-p---mg- δοῦλος@n-p---ma- οὐ@d-------- εἰς@r-------- ἅπας@a-s---na- κακοπραγέω@v--pna--- ἐάω@v3spsa--- δίδωμι@v-sppamn- ἐκεχειρία@n-s---fa- οὗτος@p-p---md- ὁ@l-s---fa- εἰς@r-------- ἅπας@n-s---na- ἐνιαυτός@n-s---md- ἕβδομος@a-s---md-"
"Virtut._123","ὁ@l-p---md- μέν@d-------- γάρ@d-------- δανειστής@n-p---md- οὐ@d-------- κομίζω@v-papmmd- ὁ@l-s---na- χρέος@n-s---na- ἤ1@c-------- τρόπος@n-s---ma- ἕτερος@a-s---ma- κτάομαι@v-papmmd- ὁ@l-p---ma- πρότερος@a-s---na- ἐλεύθερος@a-p---ma- ἐξαρκέω@v3spia--- φημί@v3spia--- χρόνος@n-s---mn- εἰς@r-------- ὑπηρεσία@n-s---fa- ἑξαετία@n-s---fn- ὁ@l-p---mn- δέ@d-------- μή@d-------- γένος@n-s---nd- δοῦλος@n-p---mn- χρηστός@a-s---fg- ἐλπίς@n-s---fg- μή@d-------- εἰς@r-------- ἅπας@a-s---na- ἀμοιρέω@v3ppma--- ἀλλά@c-------- ἔρχομαι@v3ppma--- ἐπί@r-------- ὁ@l-s---fa- παλαιός@a-s---fa- ἄδεια@n-s---fa- ὅς@p-s---fg- διά@r-------- καιρός@n-p---ma- ἀβούλητος@a-p---ma- στερέω@v3plie---"
"Virtut._124","καί@d-------- ἄν@c-------- ἐκ@r-------- τριγονία@n-s---fg- μέν@d-------- φημί@v3spia--- δοῦλος@n-s---mn- ἕτερος@a-s---mg- φόβος@n-s---md- δεσποτικός@a-p---ng- ἀπειλή@v-sppamn- ἤ1@c-------- προγίγνομαι@n-s---fd- τις@a-p---ng- ἁμάρτημα@n-p---ng- ἤ1@c-------- μηδείς@p-s---na- ἀδικέω@v-srpamn- ἀμείλικτος@a-s---md- καί@c-------- ὠμόθυμος@a-s---md- χράομαι@v-sppemn- ἄλλως@d-------- δεσπότης@n-s---md- πρός@r-------- σύ@p2s---ca- καταφεύγω@v3sasa--- τυγχάνω@v-sfpmmn- ἐπικουρία@n-s---fg- μή@d-------- περίεἶδον@v2sasa--- ἐκδίδωμι@v--pna--- γάρ@d-------- ἱκέτης@n-p---ma- οὐ@d-------- ὅσιος@a-s---nn- ἱκέτης@n-s---mn- δέ@c-------- καί@d-------- ὁ@l-s---mn- δοῦλος@n-s---mn- ὥσπερ@c-------- εἰς@r-------- ἱερόν@n-s---na- ὁ@l-s---fa- σός@a-s---fa- ἑστία@n-s---fa- καταφεύγω@v-srpamn- ἐν@r-------- ὅς@p-s---nd- δίκαιος@a-s---nn- εἰμί@v3spia--- ἀσυλία@n-s---fg- τυγχάνω@v--pna--- μάλιστα@d-------s μέν@d-------- εἰς@r-------- ἄδολος@a-p---fa- ἔρχομαι@v-sapamn- καταλλαγή@n-p---fa- ὁ@l-p---fa- χωρίς@d-------- ἐνέδρα@n-p---fa- εἰ@c-------- δέ@c-------- μή@d-------- ὁ@l-s---na- γοῦν@d-------- πανύστατος@a-s---na- πιπράσκω@v-sappmn- ἀλλαγή@n-p---fn- γάρ@d-------- ὁ@l-p---fn- ὁ@l-p---mg- δεσπότης@n-p---mg- ἄδηλος@a-s---nn- ὅπου@d-------- ὁ@l-s---fa- ῥοπή@n-s---fa- ἔχω@v3pfia--- ὁ@l-s---ng- δέ@d-------- ὁμολογέω@v-sppeng- κοῦφος@a-s---nnc ὁ@l-s---nn- ἄδηλος@a-s---nn- κακός@a-s---nn-"
"Virtut._125","οὗτος@p-p---nn- μέν@d-------- οὖν@d-------- περί@r-------- οἰκεῖος@a-p---mg- καί@c-------- ἀλλότριος@a-p---mg- καί@d-------- φίλος@n-p---mg- καί@d-------- ἐχθρός@n-p---mg- καί@d-------- δοῦλος@n-p---mg- καί@d-------- ἐλεύθερος@a-p---mg- καί@c-------- ὅλος@d-------- ἄνθρωπος@n-p---mg- νομοθετέω@v3spia--- ὁ@l-s---na- δέ@d-------- ἐπιεικής@a-s---na- καί@c-------- ἥμερος@a-s---na- καί@c-------- ἐπί@r-------- ὁ@l-s---fa- ὁ@l-p---ng- ἄλογος@a-p---ng- ζῷον@n-p---ng- φύσις@n-s---fa- ἄγω@v3spia--- μεταδίδωμι@v-sppamn- καί@c-------- οὗτος@p-p---nd- ὥσπερ@c-------- ἀπό@r-------- πηγή@n-s---fg- εὐμενής@a-s---ng- ἀρύω@v--anm--- τις@p-s---ng- χρηστός@a-s---ng-"
"Virtut._126","κελεύω@v3spia--- γάρ@d-------- ἐν@r-------- ὁ@l-p---fd- ἥμερος@a-p---fd- ἀγέλη@n-p---fd- κατά@r-------- τε@c-------- ποίμνη@n-p---fa- καί@c-------- αἰπόλιον@n-p---na- καί@c-------- βουκόλιον@n-p---na- ὁ@l-s---fg- παραχρῆμα@d-------- ὁ@l-p---ng- γεννάω@v-pppeng- ἀπόλαυσις@n-s---fg- ἀπέχω@v--pne--- μή@d-------- τε@c-------- πρός@r-------- ἐδωδή@n-s---fa- μή@d-------- τε@c-------- ἐπί@r-------- πρόφασις@n-s---fd- θυσία@n-p---fg- λαμβάνω@v-pppama- ὠμός@a-s---fg- γάρ@d-------- ὑπολαμβάνω@v3saia--- εἰμί@v--pna--- ψυχή@n-s---fg- ἐφεδρεύω@v--pna--- ἀποτύζω@v-pppemd- εἰς@r-------- ἀνυπέρθετος@a-s---fa- διάζευξις@n-s---fa- ἔγγονος@n-p---mg- τε@d-------- αὖ@d-------- καί@c-------- μήτηρ@n-p---fg- ἕνεκα@r-------- γαστήρ@n-s---fg- ἡδονή@n-s---fg- μᾶλλον@d-------- δέ@c-------- ἀηδία@n-s---fg- ἔκτοπος@a-s---fg- τις@a-s---fg- ψυχή@n-s---fg- καί@c-------- παραλλάσσω@v-srpefg-"
"Virtut._127","φημί@v3spia--- οὖν@d-------- ὁ@l-s---md- βιόω@v-sppemd- κατά@r-------- ὁ@l-s---fa- ἱερός@a-s---fas αὐτός@p-s---mg- πολιτεία@n-s---fa- ὦ@i-------- γενναῖος@a-s---mv- πολύς@a-s---fn- τις@p-s---fn- εἰμί@v3spia--- ἀφθονία@n-s---fn- σύ@p-s----d- ὁ@p-p---mg- πρός@r-------- ἀπόλαυσις@n-s---fa- ὅς@p-p---md- μέμψις@n-s---fn- οὐ@d-------- παρέπομαι@v3spie--- συγγνωστός@a-s---nn- γάρ@d-------- ἄν@d-------- εἰμί@v3siia--- ἴσως@d-------- ἐπεί@c-------- πολύς@a-p---na- ὁ@l-p---ng- ἀβούλητος@a-p---ng- ὁ@l-s---fn- ἀπορία@n-s---fn- καί@c-------- σπάνις@n-s---fn- δράω@v--pna--- ἀναγκάζω@v3spia--- σύ@p2s---cn- δέ@d-------- καί@c-------- διαφέρω@v--pna--- εἰς@r-------- ἐγκράτεια@n-s---fa- καί@c-------- ὁ@l-p---fa- ἄλλος@p-p---fa- ἀρετή@n-p---fa- ὀφείλω@v2spia--- ὁ@l-s---fa- καλός@a-s---fas τάσσω@v-srpemn- τάξις@n-s---fa- ὑπό@r-------- ταξίαρχος@n-s---fd- ὁ@l-s---md- ὁ@l-s---fg- φύσις@n-s---fg- ὀρθός@a-s---md- λόγος@n-s---md- διά@r-------- ὅς@p-s---ma- ἡγέομαι@v--rne--- σύ@p2s---ca- δεῖ@v3spia--- μηδείς@p-s---na- σκαιός@a-s---na- ὁ@l-s---fd- διάνοια@n-s---fd- παραδέχομαι@v-sppema-"
"Virtut._128","τίς@p-s---nn- δέ@d-------- ἄν@d-------- εἰμί@v3spoa--- σκαιός@a-s---nnc ἤ1@c-------- ὁ@l-p---fd- περί@r-------- ὁ@l-s---fa- ἀποκύησις@n-s---fa- ὠδίς@n-p---fd- ἐπιφέρω@v--pna--- ἔξωθεν@d-------- ἕτερος@a-p---fa- ἐκ@r-------- ὁ@l-s---fg- παραχρῆμα@d-------- ὁ@l-p---mg- γεννάω@v-pppemg- διάζευξις@n-s---fg- ἀνάγκη@n-s---fn- γάρ@d-------- σφαδάζω@v--pna--- ἀποσπάω@v-pppemg- διά@r-------- τις@p-s---ca- φυσικός@a-s---fa- μήτηρ@n-p---fg- πρός@r-------- ἔγγονος@a-p---na- φιλοστοργία@n-s---fa- καί@c-------- μάλιστα@d-------- ὑπό@r-------- ὁ@l-s---ma- ὁ@l-s---fg- κύησις@n-s---fg- καιρός@n-s---ma- ἐπεί@c-------- πηγάζω@v-pppamn- ὁ@l-p---mn- μαστός@n-p---mn- σπάνις@n-s---fd- ὁ@l-s---ng- θηλάζω@v-sppamg- ἀνακοπή@n-s---fa- ὁ@l-s---fg- ἐπιρροή@n-s---fg- λαμβάνω@v-sppafg- σκιρρόω@v3ppie--- τε@c-------- καί@c-------- κατατείνω@v-pppemn- ὁ@l-s---nd- βάρος@n-s---nd- πήγνυμι@v-sappng- εἴσω@r-------- ὁ@l-s---ng- γάλα@n-s---ng- ἀλγηδών@v-prpamd- πιέζω@v3ppie---"
"Virtut._129","χαρίζω@v2samm--- δή@d-------- φημί@v3spia--- ὁ@l-s---fd- μήτηρ@n-s---fd- ὁ@l-s---na- ἔγγονος@n-s---na- εἰ@c-------- καί@d-------- μή@d-------- ὁ@l-s---ma- σύμπας@a-s---ma- χρόνος@n-s---ma- ἑπτὰ@m-------- γοῦν@d-------- ὁ@l-p---fa- πρῶτος@a-p---fa- ἡμέρα@n-p---fa- γαλακτοτροφέω@v--ana--- καί@c-------- μή@d-------- ἀνωφελής@a-p---fa- ὅς@p-p---fa- ὁ@l-s---fn- φύσις@n-s---fn- ὀμβρέω@v3saia--- πηγή@n-p---fa- ἐν@r-------- μαστός@n-p---md- ἐργάζομαι@v3sasa--- ὁ@l-p---fa- δεύτερος@a-p---fa- αὐτός@p-s---fg- χάρις@n-p---fa- ἀναιρέω@v-sapamn- ὅς@p-p---fa- ἐκ@r-------- πολύς@a-s---ng- ὁ@l-s---mg- προμηθεύς@a-s---mg- ἑτοιμάζω@v3saim--- ὁ@l-s---na- ἀκόλουθος@a-s---na- μακρόθεν@d-------- αἰώνιος@a-s---nd- καί@c-------- τέλειος@a-s---fd- φρόνησις@n-s---fd- κατεῖδον@v-sapafn-"
"Virtut._130","πρότερος@a-s---fn- μέν@d-------- γάρ@d-------- δωρεά@a-s---fn- γένεσις@n-s---fn- διά@r-------- ’@r-------- ὅς@p-s---fg- ὁ@l-s---nn- μή@d-------- εἰμί@v-sppann- ἄγω@v3spie--- πρός@r-------- ὁ@l-s---na- εἰμί@v--pna--- δεύτερος@a-s---fn- δέ@d-------- γάλα@n-s---ng- ἐπίρροια@n-s---fn- τροφή@n-s---fn- καίριος@d-------- μαλακός@a-s---fns πᾶς@a-s---ma- ἁπαλόνυξος@a-s---ma- ἄρδω@v-sppafn- ὅς@p-s---nn- ποτός@a-s---nn- εἰμί@v3spia--- ὁμοῦ@d-------- καί@c-------- σιτίον@n-s---nn- ὅσος@p-s---nn- μέν@d-------- γάρ@d-------- ὑδατώδης@a-s---nn- ὁ@l-s---ng- γάλα@n-s---ng- ποτός@n-s---na- ὅσος@p-s---nn- δ@c-------- ’@c-------- ὑποπαχύνομαι@v3spie--- σιτίον@n-s---na- πρόνοια@n-s---fd- ὁ@l-s---ng- μή@d-------- κακοπαθέω@v--pna--- ὁ@l-s---na- ἀρτίγονος@a-s---na- ἐφεδρεύω@v-sppafg- ἀεί@d-------- χρόνος@n-p---md- διαφέρω@v-pppamd- ἔνδεια@n-s---fg- ἀλλά@c-------- ὑπό@r-------- εἷς@a-s---fa- καί@c-------- ὁ@l-s---fa- αὐτός@a-s---fa- προσφορά@n-s---fa- ἑκάτερος@a-s---fg- τροφή@n-s---fg- ἤδη@d-------- ὁ@l-p---fa- πικρός@a-p---fa- δέσποινα@n-p---fa- δίψα@v-dapamn- τε@d-------- καί@c-------- δίψα@v3paia--- ἐκφεύγω@v--pna---"
"Virtut._131","οὗτος@a-s---ma- ἀναγιγνώσκω@v-papamn- ὁ@l-s---ma- νόμος@n-s---ma- ὁ@l-p---mn- χρηστός@a-p---mn- καί@c-------- περιμάχητος@a-p---mn- γονεύς@n-p---mn- ἐγκαλύπτω@v2pamm--- ὁ@l-p---mn- ἐπί@r-------- ὁ@l-p---nd- βρέφος@n-p---nd- ἀεί@d-------- φονάω@v-pppamn- ὁ@l-p---mn- κακός@a-s---fa- ἐφεδρεύω@v-pppamn- ἐφεδρεία@n-s---fa- ὁ@l-p---md- ἀποκύω@v-pppemd- εἰς@r-------- ἔκθεσις@n-s---fa- ὁ@l-p---mn- ὁ@l-s---ng- σύμπας@a-s---mg- ἄνθρωπος@n-p---mg- γένος@n-s---ng- ἄσπονδος@a-p---mn- πολέμιος@n-p---mn-"
"Virtut._132","τις@p-s---nd- γάρ@d-------- διά@r-------- εὔνοια@n-s---fg- ἀφικνέομαι@v2pfim--- γίγνομαι@v-papmmn- ὁ@l-p---ng- ἴδιος@a-p---ng- τέκνον@n-p---ng- αὐτόχειρ@n-p---mn- ὁ@l-p---mn- ὁ@l-p---fa- πόλις@n-p---fa- ὁ@l-s---na- γε@d-------- ἐπί@r-------- ’@r-------- σύ@p-p---md- ἥκω@v3piia--- μέρος@n-s---na- ἐρημόω@v-pppamn- ἀπό@r-------- ὁ@l-p---mg- ἐγγύς@d-------- γένος@n-s---ng- ἄρχω@v-papmmn- ὁ@l-s---fg- ἀπώλεια@n-s---fg- ὁ@l-p---mn- ὁ@l-p---ma- ὁ@l-s---fg- φύσις@n-s---fg- θεσμός@n-p---ma- ἀνατρέπω@v-pppamn- καί@c-------- ὅσος@a-p---na- ἄν@d-------- οἰκοδομέω@n-s---fd- καθαιρέω@v-pppamn- διά@r-------- ἀνήλιος@a-s---fg- καί@c-------- ἀτιθάσεος@a-s---fg- ψυχή@n-s---fg- ὠμότης@n-s---fa- γένεσις@v3sfia--- φθορά@n-s---fa- καί@c-------- ζωή@n-s---fd- θάνατος@n-s---ma- ἐπιτειχίζω@v-pppamn-"
"Virtut._133","ἤ1@c-------- οὐ@d-------- ὁράω@v2ppia--- ὅτι@c-------- ὁ@l-s---md- πᾶς@a-p---na- ἄριστος@a-s---md- νομοθέτης@n-s---md- διά@r-------- ἐπιμέλεια@n-s---fg- γίγνομαι@v3saim--- μη@d-------- δέ@c-------- ὁ@l-p---ng- ἄλογος@a-p---ng- ὁ@l-p---na- ἔγγονος@a-p---na- διαζεύγνυμι@v--anp--- ὁ@l-s---fg- τίκτω@v-sapafg- ἄχρι@c-------- ἄν@d-------- γαλακτοτροφέω@v3sasp--- ὁ@l-s---na- πλέος@a-s---na- ὦ@i-------- γενναῖος@a-p---mv- διά@r-------- σύ@p-p---ma- ἵνα@c-------- ’@c-------- εἰ@c-------- καί@d-------- μή@d-------- ὁ@l-s---fd- φύσις@n-s---fd- μάθησις@n-s---fd- γοῦν@d-------- ἐκδιδάσκω@v2ppie--- ὁ@l-s---na- φιλοίκειον@n-s---na- εἰς@r-------- ἀρνός@n-p---ma- καί@c-------- ἔριφος@n-p---ma- ἀποβλέπω@v-pppamn- ὅς@p-p---mn- ἐν@r-------- ἄφθονος@a-p---fd- χορηγία@n-p---fd- ὁ@l-p---ng- ἀναγκαῖος@a-p---ng- τρυφάω@v--pna--- οὐ@d-------- κωλύω@v3prie--- ὁ@l-s---fg- φύσις@n-s---fg- μέν@d-------- τοιοῦτος@p-p---na- παρασκευάζω@v-sapmfg- ἐν@r-------- ἐπιτήδειος@a-p---nds χωρίον@n-p---nd- ἐκ@r-------- ὅς@p-p---ng- εὐμαρής@a-p---fn- ὁ@l-p---md- δέω2@v-pfpmmd- ὁ@l-p---fn- ἀπόλαυσις@n-p---fn- γίγνομαι@v3pfim--- νομοθέτης@n-s---mg- δέ@c-------- μετά@r-------- πολύς@a-s---fg- πρόνοια@n-s---fg- ἐφοράω@v-sppamg- ἵνα@c-------- μηδείς@p-s---mn- ἐμποδίζω@v3spsa--- ὁ@l-p---fa- εὐεργέτις@a-p---fa- καί@c-------- σωτήριος@a-p---fac ὁ@l-s---mg- θεός@n-s---mg- δωρεά@n-p---fa-"
"Virtut._134","βούλομαι@v-sppemn- δέ@d-------- πολύτροπος@a-p---fd- ἰδέα@n-p---fd- ὁ@l-p---na- ἡμερότης@n-s---fg- καί@c-------- ἐπιείκεια@n-s---fg- σπέρμα@n-p---na- ὁ@l-p---fd- διάνοια@n-p---fd- ἐγκατασπείρω@v--pna--- ἄλλος@a-s---na- τίθημι@v3spia--- διάταγμα@n-s---na- συγγενής@a-s---na- ὁ@l-p---md- πρότερος@a-p---nd- ἀπαγορεύω@v-sppamn- ἡμέρα@n-s---fd- ὁ@l-s---fd- αὐτός@a-s---fd- συγκαταθύω@v--pna--- μήτηρ@n-s---fa- καί@c-------- ἔγγονος@n-s---ma- καί@c-------- γάρ@d-------- εἰ@c-------- θυτέος@a-s---nn- ἀλλά@c-------- οὖν@d-------- ἐν@r-------- χρόνος@n-p---md- γε@d-------- διαφέρω@v3ppia--- ὑπερβολή@n-s---fn- γάρ@d-------- ἀγριότης@n-s---fg- ὁ@l-s---fa- αἰτία@n-s---fa- ὁ@l-s---fg- γένεσις@n-s---fg- μετά@r-------- ὁ@l-s---mg- ζῳογονέω@v-sappmg- ἡμέρα@n-s---fd- εἷς@m-s---fd- κτείνω@v--pna--- καί@d-------- οὗτος@p-s---na- ὁ@p-s---ng- χάρις@r--------"
"Virtut._135","ἤ1@c-------- γάρ@g-------- ἐπί@r-------- πρόφασις@n-s---fd- θυσία@n-p---fg- ἤ1@c-------- διά@r-------- γαστήρ@n-s---fg- ἀπόλαυσις@n-s---fa- εἰ@c-------- μέν@d-------- οὖν@d-------- ἕνεκα@r-------- θυσία@n-p---fg- ἐπιψεύδομαι@v3srie--- καί@d-------- ὁ@l-s---nn- ὄνομα@n-s---nn- ὁ@l-p---nn- γάρ@g-------- τοιοῦτος@p-p---nn- σφάγιος@a-p---nn- οὐ@d-------- θυσία@n-s---fn- τις@p-s---mn- δέ@g-------- δή@g-------- καί@c-------- θεός@n-s---mg- βωμός@n-s---mn- οὕτως@d-------- ἀνίερος@a-p---na- ἱερεῖον@n-p---na- προσδέχομαι@v3sfim--- ποῖος@a-s---nn- δέ@d-------- πῦρ@n-s---nn- οὐ@d-------- ἄν@d-------- δίχα@d-------- τέμνω@v-sappna- ἐκ@r-------- ἑαυτοῦ@p-s---ng- διίστημι@v3saoa--- φεύγω@v-sppann- ὁ@l-s---fa- ἐκ@r-------- ἄμικτος@a-s---ng- πρᾶγμα@n-s---ng- ἕνωσις@n-s---fa- οἴομαι@v1spie--- ἄν@d-------- αὐτός@p-s---na- μη@d-------- δέ@c-------- πρός@r-------- βραχύς@a-s---ma- ὑπομένω@v--ana--- χρόνος@n-s---ma- ἀλλά@c-------- ’@c-------- αὐτίκα@d-------- σβέννυμι@v--anp--- πρόνοια@n-s---fd- τις@a-s---fd- ὁ@l-s---ng- μή@d-------- ὁ@l-s---ma- ἀήρ@n-s---ma- καί@c-------- ὁ@l-s---fa- ἱερός@a-s---fas πνεῦμα@n-s---ng- φύσις@n-s---fa- ὑπό@r-------- ὁ@l-s---fg- αἴρω@v-sppefg- φλόξ@n-s---fg- μιαίνω@v--pne---"
"Virtut._136","εἰ@c-------- δέ@d-------- μή@d-------- θυσία@n-p---fg- χάρις@n-s---fa- ἀλλά@c-------- θοίνη@n-s---fg- τις@p-s---mn- οὐ@d-------- ἄν@d-------- ὁ@l-s---fg- ὑπερφυής@a-s---fg- γαστριμαργία@n-s---fg- ὄρεξις@n-p---fa- προβάλλω@v3spoe--- καινός@a-p---fa- καί@c-------- παραλλάσσω@v-prpefa- ἔκτοπος@a-p---fa- μέν@d-------- γάρ@d-------- ἡδονή@n-p---fa- ὁ@l-p---mn- τοιοῦτος@p-p---mn- μεταδιώκω@v3ppia--- τις@a-s---fn- δέ@d-------- ἡδονή@n-s---fn- κρεωφαγέω@v3ppia--- γεύω@v--anm--- σάρξ@n-p---fg- ἐν@r-------- ὁ@l-s---nd- αὐτός@p-s---md- μήτηρ@n-p---fg- καί@c-------- ἔγγονος@n-p---mg- ὅς@p-p---mg- εἰ@c-------- ὁ@l-p---na- μέλος@n-p---na- τις@p-s---mn- ἀναμίγνυμι@v--ana--- ἐθέλω@v3saoa--- ἀνάπειρος@v-sppamn- ὀβελός@n-p---md- ἵνα@c-------- ὀπτός@v-sppamn- ἐμφορέω@v3saom--- οὐ@d-------- ἄν@d-------- ἐγώ@p1s---md- δοκέω@v3spia--- διατελέω@v--ana--- ἥσυχος@a-p---na- ῥέω@v--fna--- δέ@c-------- φωνή@n-s---fa- σχετλιάζω@v-sapama- διά@r-------- ’@r-------- ὑπερβολή@n-s---fa- ὁ@l-s---ng- καινοποιέω@v-sappng- πάθος@n-s---ng- καί@c-------- μυρίος@a-p---na- λοιδορέω@v--fnp--- ὁ@l-s---fg- λαιμαργία@n-s---fg- ὁ@l-p---md- εὐτρεπίζω@v-pppamd- ἄσιτος@a-s---fa- εὐωχία@n-s---fa-"
"Virtut._137","ἀλλά@d-------- ’@d-------- ὅς@l-s---mn- γε@d-------- νόμος@n-s---mn- ἔξω@r-------- ὁ@l-p---ng- περιρραντήριον@n-p---ng- ἐλαύνω@v3spia--- καί@d-------- ὅσος@a-p---na- ὁ@l-p---ng- ζῷον@n-p---ng- κυοφορέω@v3spia--- μή@d-------- ἐπιτρέπω@v-sppamn- ἄχρι@c-------- ἄν@d-------- ἀποτεκνόω@v3spsa--- σφαγιάζω@v--pne--- ὁ@l-p---na- κατά@r-------- γαστήρ@n-s---fg- ἐν@r-------- ἴσος@a-s---nd- ὁ@l-p---md- ἀποκυέω@v-pappnd- ἤδη@d-------- λογίζομαι@v-sapemn- οὐ@d-------- ἐπεί@c-------- ὁ@l-s---fa- ἴσος@a-s---fa- λαγχάνω@v3saia--- τάξις@n-s---fa- ὅς@p-s---fd- μη@d-------- δέ@d-------- εἰς@r-------- φάος@n-s---na- πω@d-------- προέρχομαι@v3saia--- ἀλλά@c-------- ὑπέρ@r-------- ὁ@l-s---ng- μακρόθεν@d-------- ἐπέχω@v--ana--- ὁ@l-s---fa- εὐχέρεια@n-s---fa- ὁ@l-p---ng- ἔθω@v-prpang- πᾶς@a-p---na- φύρω@v--ana---"
"Virtut._138","εἰ@c-------- γάρ@d-------- ὁ@l-p---nn- φυτόν@n-p---ng- τρόπος@n-s---ma- ἔτι@d-------- παραυξάνω@v-pppenn- καί@c-------- μέρος@n-p---nn- νομίζω@v-pppenn- ὁ@l-p---ng- κύω@n-p---mg- νυνί@d-------- μέν@d-------- ἑνόω@v-pppenn- μείς@n-p---mg- δέ@d-------- περίοδος@n-p---fd- αὖθις@d-------- ἀποσπάω@v-papmnn- ὁ@l-s---fg- συμφυΐα@n-s---fg- διά@r-------- ὁ@l-s---fa- ἐλπίς@n-s---fa- ὁ@l-s---ng- γίγνομαι@v--fnm--- ζῷον@n-p---na- φυλάσσω@v3spie--- ὁ@l-s---md- περί@r-------- ὁ@l-p---fa- μήτηρ@n-p---fa- ἀφύλακτος@a-s---md- χάρις@r-------- ὁ@l-s---ng- μή@d-------- ὁ@l-s---na- λέγω3@v-sappnn- μίασμα@n-s---nn- συμβαίνω@v--ana--- πῶς@d-------- οὐ@d-------- μᾶλλον@d-------c ὁ@l-p---nn- ἀποτεκνόω@v-pappnn- καί@c-------- κατά@r-------- ἑαυτοῦ@p-p---na- ψυχή@n-s---fg- καί@c-------- σῶμα@n-s---ng- μετέχω@v-prpenn- πᾶς@a-p---ng- γάρ@d-------- ἀνόσιος@a-s---nns εἷς@m-s---md- καιρός@n-s---md- καί@c-------- ἡμέρα@n-s---fd- εἷς@a-s---fd- ἔγγονος@a-s---fa- ὁμοῦ@d-------- καί@c-------- μήτηρ@n-s---fa- κτείνω@v--pna---"
"Virtut._139","ἐνθένδε@d-------- ἐγώ@p1s---md- δοκέω@v3ppia--- ὁρμέω@v-pappmn- ἔνιοι@a-p---mn- ὁ@l-p---mg- νομοθέτης@n-p---mg- ὁ@l-s---ma- ἐπί@r-------- ὁ@l-p---fd- κατάκριτος@a-p---fd- γυνή@n-p---fd- εἰσηγέομαι@v--ane--- νόμος@n-s---ma- ὅς@p-s---mn- κελεύω@v3spia--- ὁ@l-p---fa- ἔγκυος@n-p---fa- ἐάν@c-------- ἄξιος@a-p---na- θάνατος@n-s---mg- δράω@v3pasa--- φυλάσσω@v--pne--- μέχρι@c-------- ἄν@d-------- ἀποτίκτεω@v3ppsa--- ἵνα@c-------- μή@d-------- ἀναιρέω@v-pppemg- συναπολίσκω@v3sasm--- ὁ@l-p---nn- κατά@r-------- γαστήρ@n-s---fg-"
"Virtut._140","ἀλλά@d-------- ’@d-------- οὗτος@p-p---mn- μέν@d-------- ἐπί@r-------- ἄνθρωπος@n-p---mg- οὗτος@p-p---na- γιγνώσκω@v3paia--- ὁ@l-s---mn- δέ@d-------- καί@d-------- προσυπερβάλλω@v-sppamn- ἔτι@d-------- ἄχρι@r-------- καί@d-------- ὁ@l-p---ng- ἄλογος@a-p---ng- ζῷον@n-p---ng- ὁ@l-s---na- ἐπιεικής@a-s---na- ἐκτείνω@v3saia--- ἵνα@c-------- ἐν@r-------- ὁ@l-p---nd- ἀνομοιογενής@n-p---nd- ἀσκέω@v-papamn- πολύς@a-s---fd- τις@a-s---fd- περιουσία@n-s---fd- χράομαι@v1ppse--- φιλανθρωπία@n-s---fg- ἐν@r-------- ὁ@l-p---nd- ὁμογενής@v-prpend- ὁ@l-s---ng- μέν@d-------- λυπέω@v--pna--- καί@c-------- ἀντιλυπέω@v--ana--- ἀλλήλων@p-p---ma- ἀπέχω@v-pppemn- ὁ@l-p---na- δ@d-------- ’@c-------- οἰκεῖος@a-p---na- ἀγαθός@a-p---na- μή@d-------- θησαυροφυλακέω@v-pppamn- ἀλλά@c-------- εἰς@r-------- μέσος@a-s---na- προφέρω@v-pppamn- καθά@d-------- συγγενής@a-p---md- καί@c-------- ἐκ@r-------- φύσις@n-s---fg- ἀδελφός@n-p---md- ὁ@l-p---md- πανταχοῦ@d-------- πᾶς@a-p---md-"
"Virtut._141","ἔτι@d-------- τοίνυν@d-------- ὁ@l-s---na- μέν@d-------- ἔθνος@n-s---na- ἐπί@r-------- μισανθρωπία@n-s---fd- διαβάλλω@v3ppma--- ὁ@l-p---ma- δέ@c-------- νόμος@n-p---ma- ὡς@d-------- ἄμικτος@a-p---na- καί@c-------- ἀκοινώνητος@a-p---na- παραγγέλλω@v-pppama- αἰτιάομαι@v3ppme--- ὁ@l-p---mn- δεινός@a-p---mn- συκοφάντης@n-p---mn- φανερός@d-------- οὕτως@d-------- ὁ@l-p---mg- μέν@d-------- νόμος@n-p---mg- ἔλεος@n-s---mg- μεταδίδωμι@v-pppamg- καί@c-------- ὁ@l-p---fd- ὁ@l-p---ng- θρέμμα@n-p---ng- ἀγέλη@n-p---fd- ὁ@l-s---ng- δέ@c-------- ἔθνος@n-s---ng- ὁ@l-p---fd- ἐκ@r-------- πρῶτος@a-s---fg- ἡλικία@n-s---fg- νόμιμος@a-p---fd- ὑφήγησις@n-p---fd- ὅσος@a-s---na- ἐν@r-------- ὁ@l-p---fd- ψυχή@n-p---fd- ἀπειθής@d-------- μεθαρμόζω@v-sppemg- πρός@r-------- ὁ@l-s---na- τιθασός@v-sppana-"
"Virtut._142","ἐπαποδύω@v3spie--- δέ@d-------- αὐτός@p-s---mn- ἑαυτοῦ@p-s---md- καί@c-------- ἐπαγωνίζεται@v3spie--- πολύγονος@a-s---mn- εἰμί@v-sppamn- ἀρετή@n-s---fg- καί@c-------- τις@p-s----d- εὐτροπία@n-s---fd- χράομαι@v-sppemn- πρός@r-------- ὁ@l-p---fa- κάλως@a-p---fa- ὑφήγησις@n-p---fa- κελεύω@v-sapamn- γάρ@d-------- πρίν@c-------- ἀποτιτθόω@a-s---fa- γίγνομαι@v--anm--- μή@d-------- ἀποσπάω@v--pna--- ὁ@l-s---fg- τίκτω@v-sppafg- μή@d-------- τε@c-------- ἀρνός@n-s---ma- μή@d-------- τε@c-------- ἔριφος@n-s---ma- μή@d-------- τε@c-------- ἄλλος@p-s---na- τις@p-s---na- ὁ@l-p---ng- ἐν@r-------- ὁ@l-p---fd- ἀγέλη@n-p---fd- καί@c-------- προσδιατάσσω@v-sapmmn- μη@d-------- δέ@c-------- ὁ@l-s---fd- αὐτός@p-s---fd- ἡμέρα@n-s---fd- κτείνω@v--pna--- μήτηρ@n-s---fa- καί@c-------- ἔγγονος@a-s---fa- ἐπιδαψιλεύω@v3spie--- φάσκω@v-sppamn- οὐ@d-------- ἕψω@v2sfia--- ἀρνός@n-s---ma- ἐν@r-------- γάλα@n-s---nd- μήτηρ@n-s---fg- ἐξo@n-------- 23@x-------- 26@x-------- δευτ@d-------- 14@x-------- 2@x--------"
"Virtut._143","πάνυ@d-------- γάρ@d-------- ἄτοπος@a-s---na- ὑπολαμβάνω@v3saia--- εἰμί@v--pna--- ὁ@l-s---fa- τροφή@n-s---fa- ζάω@v-sppamg- ἥδυσμα@n-s---na- γίγνομαι@v--anm--- καί@c-------- παράρτυς@n-s---fa- ἀναιρέω@v-sappmg- καί@c-------- ὁ@l-s---fa- μέν@d-------- φύσις@n-s---fa- ἐπιμελέομαι@v-sappfa- αὐτός@p-s---mg- ὁ@l-s---fg- διαμονή@n-s---fg- ὀμβρέω@v--ana--- γάλα@n-s---na- ὅς@p-s---na- διά@r-------- μαστός@n-p---mg- ὁ@l-s---fg- τίκτω@v-sapafg- οἷος@a-p---na- δεξαμενή@v-sppamn- φέρω@v--pne--- διατάσσω@v3saim--- ὁ@l-s---fa- δέ@c-------- ὁ@l-p---mg- ἄνθρωπος@n-p---mg- ἀκρασία@n-s---fa- τοσοῦτος@a-s---na- ἐπιβαίνω@v--ana--- ὡς@c-------- ὁ@l-s---nd- ὁ@l-s---fg- ζωή@n-s---fg- αἴτιος@a-s---nd- καταχράω@v--anm--- καί@d-------- πρός@r-------- ὁ@l-s---fa- ὁ@l-s---ng- ὑπόλοιπος@a-s---ng- σῶμα@n-s---ng- ἀνάλωσις@n-s---fa-"
"Virtut._144","εἰ@c-------- δή@d-------- τις@p-s---mn- ἐν@r-------- γάλα@n-s---nd- κρέας@n-p---na- συμπίτνω@v--fna--- ἀξιόω@v3spia--- μή@d-------- σύν@r-------- ὠμότης@n-s---fd- χωρίς@r-------- δέ@d-------- ἀσέβεια@n-s---fg- ἕπομαι@v3spma--- μυρίος@a-p---fn- θρέμμα@n-p---ng- εἰμί@v3ppia--- ἀγέλη@n-p---fn- πανταχοῦ@d-------- καί@c-------- κατά@r-------- ἕκαστος@a-s---fa- ἡμέρα@n-s---fa- ἀπέχω@v-pppefn- διά@r-------- βουκόλος@n-p---mg- αἰπόλος@n-p---mg- ποιμήν@n-p---mg- ὅς@p-p---md- κτηνοτροφέω@v-pppamd- ὁ@l-s---fn- μέγας@a-s---fns πρόσοδος@n-s---fn- εἰμί@v3spia--- γάλα@n-s---nn- ὁ@l-s---fd- μέν@d-------- χέω@v-srpenn- ὁ@l-s---fd- δέ@d-------- συστέλλω@v-srpenn- τε@c-------- καί@c-------- πηγνύω@v-sppema- εἰς@r-------- τυρός@n-s---ma- ὥστε@d-------- ἀφθονία@n-s---fg- ὑπάρχω@v-sppafg- ὁ@l-s---ma- ἀρνός@n-p---mg- ἤ1@c-------- ἔριφος@n-p---mg- ἤ@c-------- τις@p-s---ng- ἕτερος@a-s---ng- γάλα@n-s---nd- μητρῷος@a-s---nd- κρέας@n-p---na- συνέψω@v-sfpama- χαλεπός@a-s---fa- ἐπιδείκνυμι@v--pne--- τρόπος@n-p---mg- σκαιότης@n-s---fa- ὁ@l-s---na- ἀναγκαῖος@a-s---nas καί@c-------- συγγενής@a-s---nas λογικός@a-s---fd- ψυχή@n-s---fd- πάθος@n-s---na- ἐκτέμνω@v-srpena- ὁ@l-s---ma- ἔλεος@n-s---ma-"
"Virtut._145","ἄγαμαι@v1spie--- δέ@d-------- καί@d-------- ἐκεῖνος@p-s---ma- ὁ@l-s---ma- νόμος@n-s---ma- ὅς@p-s---mn- καθά@c-------- ἐν@r-------- χορός@n-s---md- παναρμόνιος@a-s---md- συνᾴδω@v-sppamn- ὁ@l-p---md- πρότερος@a-p---md- διαγορεύω@v3spia--- βοῦς@n-s---ca- ἀλοάω@v-sppama- μή@d-------- φιμάω@v-sppana- οὗτος@p-s---mn- γάρ@d-------- εἰμί@v3spia--- ὁ@l-s---mn- πρό@r-------- μέν@d-------- ὁ@l-s---fg- σπορά@n-s---fg- εἰμί@v-sppafg- ὁ@l-s---fg- βαθύγειος@a-s---fg- πεδιάς@n-s---fg- ἀνατέμνω@v-sppamn- ὁ@l-p---fa- αὖλαξ@n-p---fa- καί@c-------- προετοιμάζω@v-sapmmn- οὐρανός@n-s---md- καί@c-------- γεώπονος@n-s---md- ὁ@l-p---fa- ἄρουρα@n-p---fa- ὁ@l-s---md- μέν@d-------- ἵνα@c-------- καίριος@d-------- κατασπείρω@v3spsa--- ὁ@l-s---nd- δέ@c-------- ἵνα@c-------- κόλπος@n-p---mn- βαθύς@a-p---mn- ὑποδέχομαι@v-papmmn- ὁ@l-p---fa- διά@r-------- ὁ@l-p---mg- ὑετός@n-p---mg- χάρις@n-p---fa- ταμιεύω@v3ppsa--- καί@c-------- χορηγέω@v3ppia--- ἐκ@r-------- ὁ@l-s---ng- κατά@r-------- ὀλίγος@a-s---na- ὁ@l-s---md- σῖτος@n-s---md- τροφή@n-p---fa- πίων@a-p---fa- ἄχρι@r-------- ἄν@d-------- σταχυηφορέω@v-sapamn- τελειογονέω@v3sasa--- ὁ@l-s---ma- ἐτήσιος@a-s---ma- καρπός@n-s---ma- μετά@r-------- δέ@d-------- ὁ@l-s---fa- τελείωσις@n-s---fa- πάλιν@d-------- βοῦς@n-s---mn- εἰμί@v3spia--- πρός@r-------- ἕτερος@a-s---fa- ὑπηρεσία@n-s---fa- ἀναγκαῖος@a-s---mn- κάθαρσις@n-s---fa- δράγμα@n-p---ng- καί@c-------- διάκρισις@n-s---fa- σκυβάλος@v-sppamn- ἀπό@r-------- ὁ@l-s---ng- γνήσιος@a-s---ng- καί@c-------- χρήσιμος@a-s---ng-"
"Virtut._146","ἀλλά@d-------- ’@d-------- ἐπεί@c-------- ὁ@l-s---fa- ἐπί@r-------- ὁ@l-p---md- γῆ@n-s---fa- ἀλοάω@v-pppamd- βοῦς@n-p---md- ἥμερος@a-s---fa- καί@c-------- χρηστός@a-s---fa- πρόσταξις@n-s---fa- εἶπον@v1saia--- καί@c-------- ὁ@l-s---ma- ἐπί@r-------- ὁ@l-p---nd- γῆ@n-s---fa- ἀρόω@v-pppand- θρέμμα@n-p---nd- τίθημι@v-sappma- νόμος@n-s---ma- ἑξῆς@d-------- δίειμι@v1spia--- ὁ@l-s---fg- αὐτός@a-s---fg- εἰμί@v-sppama- συγγένεια@n-s---fg- ἀπαγορεύω@v3spia--- γάρ@d-------- ἐν@r-------- ὁ@l-s---nd- αὐτός@p-s---nd- καταζεύγνυμι@v--pna--- πρός@r-------- ἄροτος@n-s---ma- γῆ@n-s---fg- βοῦς@n-s---ca- καί@c-------- ὄνος@n-s---ma- οὐ@d-------- μόνος@d-------- ὁ@l-s---ng- περί@r-------- ὁ@l-p---na- ζῷον@n-p---na- ἀνοικείως@n-s---ng- στοχάζομαι@v-sapmmn- διότι@c-------- ὁ@l-s---nn- μέν@d-------- εἰμί@v3spia--- καθαρός@a-s---nn- ὄνος@n-s---mn- δέ@d-------- ὁ@l-p---ng- οὐ@d-------- καθαρός@a-p---ng- ὁ@l-p---na- δέ@d-------- οὕτως@d-------- ἀλλοτριόω@v-prpena- συνάγω@v--pna--- οὐ@d-------- πρέπω@v3spia--- ἀλλά@c-------- ἐπεί@c-------- καί@c-------- ὁ@l-s---fa- ἰσχύς@n-s---fa- εἰμί@v3spia--- ἄνισος@a-s---fn- προμηθέομαι@v3spie--- δέ@d-------- ὁ@l-p---ng- ἀσθενής@a-p---ng- ὡς@c-------- μή@d-------- πρός@r-------- δυνατός@a-s---fgc βία@n-p---fa- θλίβω@v3spse--- καί@c-------- προσπιέζω@v3spse--- καίτοι@d-------- ὁ@l-s---nn- μέν@d-------- ἀσθενής@a-s---nac ὄνος@n-s---mn- ἔξω@r-------- περιρραντήριον@n-p---ng- ἐλαύνω@v3spie--- ὁ@l-s---nn- δέ@c-------- ἐρρωμένος@a-s---nac βοῦς@n-s---ca- ἐν@r-------- ὁ@l-p---fd- τέλειος@a-p---fd- θυσία@n-p---fd- νόμος@n-s---mn- ἱερουργέω@v--pna---"
"Virtut._147","ἀλλά@c-------- ’@d-------- ὅμως@d-------- οὐ@d-------- τε@c-------- ὁ@l-s---fg- ὁ@l-p---mg- ἀκάθαρτος@a-p---mg- ἀσθένεια@n-s---fg- ὀλιγωρέω@v3saia--- οὐ@d-------- τε@c-------- ὁ@l-p---nd- καθαρός@a-p---nd- ἐφίημι@v3saia--- ἰσχύς@n-s---fd- πρό@r-------- δίκη@n-s---fg- χράω@v--pne--- μόνος@d-------- οὐ@d-------- ἄντικρυς@d-------- βοῦς@v-sppamn- καί@c-------- κράζω@v-srpamn- ὁ@l-p---md- οὖς@n-p---na- ἔχω@v-pppamd- ἐν@r-------- ψυχή@n-s---fd- μηδείς@p-s---ma- ὁ@l-p---mg- ἑτεροεθνής@a-p---mg- ἀδικέω@v--pna--- οὐδείς@p-s---na- ἔχω@v-pppama- αἰτιάομαι@v--ane--- ὅτι@c-------- μή@d-------- ὁ@l-s---na- ἀλλογενής@a-s---na- ὅσπερ@p-s---nn- εἰμί@v3spia--- ἀναίτιος@a-s---nn- ὅσος@a-p---nn- γάρ@d-------- μή@d-------- τε@c-------- κακία@n-s---fn- μή@d-------- τε@c-------- ἀπό@r-------- κακία@n-p---fg- ἔξω@r-------- πᾶς@a-s---ng- ἔγκλημα@n-s---ng- ἵστημι@v3spie---"
"Virtut._148","ἐπιδαψιλεύομαι@v-sppemn- δέ@d-------- ὁ@l-s---na- ἐπιεικής@a-s---na- πάλιν@d-------- πλούσιος@d-------- αὐτός@p-s---nd- καί@c-------- κατάκορος@d-------- χράομαι@v3spie--- μέτειμι1@v-sppamn- ἀπό@r-------- μέν@d-------- ὁ@l-p---ng- λογικός@a-p---ng- ἐπί@r-------- ὁ@l-p---na- ἄλογος@a-p---na- ἀπό@r-------- δέ@d-------- ὁ@l-p---ng- ἄλογος@a-p---ng- ἐπί@r-------- ὁ@l-p---na- φυτόν@n-p---na- περί@r-------- ὅς@p-p---ng- αὐτίκα@d-------- λεκτέος@a-s---nn- ἐπεί@c-------- περί@r-------- ὁ@l-p---ng- πρότερος@a-p---ng- ἄνθρωπος@n-p---mg- τε@c-------- καί@c-------- ὁ@l-p---ng- ὅσος@p-p---nn- ψυχή@n-s---fg- μέτοχος@v3srie---"
"Virtut._149","λέγω@v3srie--- διερῶ@v3sria--- τοίνυν@d-------- ἄντικρυς@d-------- μή@d-------- τε@d-------- δενδροτομέω@v--pna--- ὅσος@a-p---nn- ὁ@l-s---fg- ἥμερος@n-s---fg- ὕλη@n-s---fg- μή@d-------- τε@d-------- κείρω@v--pna--- ἐπί@r-------- λύμη@n-s---fd- πρό@r-------- καιρός@n-s---mg- σταχυηφορέω@v-sppafa- πεδιάς@n-s---fa- μή@d-------- τε@c-------- ὅλος@d-------- καρπός@n-s---ma- διαφθείρω@v--pna--- ἵνα@c-------- περιουσία@n-s---fd- μέν@d-------- τροφή@n-p---fg- ἄφθονος@a-p---fg- χορηγέω@v3spse--- ὁ@l-s---nn- ἄνθρωπος@n-p---mg- γένος@n-s---nn- περιουσία@n-s---fd- ζάω@v3spsa--- δέ@c-------- μή@d-------- μόνος@a-s---na- ὁ@l-p---ng- ἀναγκαῖος@a-p---ng- ἀλλά@c-------- καί@d-------- ὁ@l-p---ng- πρός@r-------- ὁ@l-s---ma- ἁβροδίαιτος@a-s---ma- βίος@n-s---ma- ἀναγκαῖος@a-s---nn- μέν@d-------- γάρ@d-------- ὁ@l-s---mn- ὁ@l-s---mg- σῖτος@n-s---mg- καρπός@n-s---mn- εἰς@r-------- τροφή@n-s---fa- ἄνθρωπος@n-p---mg- ἀποκρίνω@v-sappmn- πρός@r-------- δέ@d-------- ὁ@l-s---ma- ἁβροδίαιτος@a-s---ma- βίος@n-s---ma- ὁ@l-p---fn- ὁ@l-p---fg- ἀκρόδρυα@n-p---fg- ἀμύθητος@a-p---fn- ποικιλία@n-p---fn- γίγνομαι@v3ppie--- δέ@d-------- ἐν@r-------- ἔνδεια@n-p---fd- οὗτος@p-p---fn- πολλάκις@d-------- καί@d-------- τροφή@n-p---fn- δεύτερος@a-p---fn-"
"Virtut._150","καί@c-------- προσυπερβάλλω@v-sppamn- οὐ@d-------- δέ@c-------- ὁ@l-s---fa- ὁ@l-p---mg- πολέμιος@n-p---mg- χώρα@n-s---fa- τέμνω@v--pna--- ἐάω@v3spia--- παραγγέλλω@v3spia--- δέ@c-------- ἀνέχω@v--pna--- δενδροτομία@n-p---fg- καί@c-------- δηιόω@n-p---fg- ἄτοπος@a-s---na- ὑπολαμβάνω@v-sapamn- εἰμί@v--pna--- ὁ@l-s---fa- πρός@r-------- ἄνθρωπος@n-p---ma- ὀργή@n-s---fa- ἀποσκήπτω@v--pna--- εἰς@r-------- ὁ@l-p---na- μηδείς@p-s---ng- αἴτιος@a-p---na- κακός@a-s---ng-"
"Virtut._151","ἔπειτα@d-------- δέ@d-------- ἀξιόω@v3spia--- μή@d-------- μόνος@a-s---na- ὁ@l-s---na- πάρειμι1@v-sppana- βλέπω@v--pna--- ἀλλά@c-------- καί@d-------- ὁ@l-s---na- μέλλω@v-sppana- ὥσπερ@c-------- ἀπό@r-------- σκοπή@n-s---fg- μακρόθεν@d-------- ὀξυωπία@n-s---fd- λογισμός@n-s---mg- καθοράω@v--pne--- μηδείς@p-s---mg- ἐν@r-------- ὅμοιος@a-s---nd- μένω@v-sppamg- ἀλλά@c-------- πᾶς@a-p---mg- τροπή@n-p---fd- καί@c-------- μεταβολή@n-p---fd- χράομαι@v-pppemg- ὡς@c-------- ἔοικα@v-srpann- εἰμί@v--pna--- ὁ@l-p---ma- τέως@d-------- δυσμενής@a-p---ma- ἐπικηρυκεύομαι@v-papmma- καί@c-------- συμβατήριος@n-p---ng- ἄρχω@v-papama- ἔνσπονδος@a-p---ma- αὐτίκα@d-------- γίγνομαι@v--anm---"
"Virtut._152","φίλος@a-p---ma- δέ@d-------- τροφή@n-p---fg- ἀναγκαῖος@a-p---fg- ἀποστερέω@v--pna--- χαλεπός@a-s---nn- μηδείς@p-s---na- ταμιεύω@v-papmma- ὁ@l-p---ng- ἐπί@r-------- ὠφέλεια@n-s---fd- διά@r-------- ὁ@l-s---fa- ὁ@l-s---ng- μέλλω@v-sppang- ἀδηλότης@n-s---fa- πάνυ@d-------- γάρ@d-------- ἐκεῖνος@p-s---nn- καλός@d-------- ἐρῶ@v3srie--- ὁ@l-p---md- παλαιός@a-p---md- ὅτι@c-------- καί@d-------- φιλία@n-s---fg- κοινωνητέον@a-s---nn- μή@d-------- ἀπογιγνώσκω@v-pppama- ἔχθρα@n-s---fa- καί@c-------- προσκροτέος@a-s---nn- ὡς@d-------- φιλία@n-s---fg- εἰμί@v-sfpmfg- ἵνα@c-------- ἕκαστος@a-s---mn- ἐν@r-------- ὁ@l-s---fd- ἑαυτοῦ@p-s---mg- φύσις@n-s---fd- ταμιεύω@v3spse--- τις@p-s---na- ὁ@l-p---ng- εἰς@r-------- ἀσφάλεια@n-s---fa- καί@c-------- μή@d-------- ἀπογυμνόω@v-sappmn- ἐν@r-------- ἔργον@n-p---nd- καί@c-------- λόγος@n-p---md- μετανοέω@v3spsa--- ὁ@l-s---fg- ἄγαν@d-------- εὐχερεία@n-s---fg- ὅτε@c-------- οὐδείς@p-s---nn- ὄφελος@n-s---nn- αἰτιάομαι@v-sppemn- ἑαυτοῦ@p-s---ma-"
"Virtut._153","ὁ@l-s---na- λόγιον@n-s---na- οὗτος@p-s---na- χρή@v3spia--- φυλάσσω@v--pna--- καί@d-------- ὁ@l-p---fa- πόλις@n-p---fa- ἐν@r-------- μέν@d-------- εἰρήνη@n-s---fd- προνοοῦμαι@v-sppefg- ὁ@l-p---fg- κατά@r-------- πόλεμος@n-s---ma- ἐν@r-------- δέ@d-------- πόλεμος@n-s---md- ὁ@l-p---ng- κατά@r-------- εἰρήνη@n-s---fa- καί@c-------- μή@d-------- τε@d-------- ὁ@l-p---md- σύμμαχος@n-p---md- ἀνέδην@d-------- προπιστεύω@v--pna--- ὡς@d-------- οὐ@d-------- χράω2@v-pfpmmd- μεταβολή@n-s---fd- πρός@r-------- ὁ@l-s---na- ἀντίπαλος@a-s---na- μή@d-------- τε@c-------- ὁ@l-p---md- πολέμιος@n-p---md- εἰς@r-------- ἅπας@a-s---na- ἀπιστέω@v--pna--- ὡς@d-------- οὐ@d-------- δύναμαι@v-pfpmmd- ποτέ@d-------- μεθορμίζω@v--anm--- πρός@r-------- ὁ@l-s---na- ἔνσπονδος@a-s---na-"
"Virtut._154","εἰ@c-------- μέντοι@d-------- καί@d-------- μηδείς@p-s---na- ὑπέρ@r-------- ἐχθρός@a-s---mg- πρακτέος@a-s---nn- διά@r-------- ἐλπίς@n-s---fa- καταλλαγή@n-p---fg- οὐδείς@p-s---nn- ἐχθρός@a-s---nn- φυτόν@n-s---nn- ἀλλά@c-------- ἔνσπονδος@a-p---na- πᾶς@a-p---na- καί@c-------- ὠφέλιμος@a-p---na- ὁ@l-p---nn- δέ@d-------- ἥμερος@n-p---nn- καί@c-------- διαφερόντως@d-------- ἀναγκαῖος@a-p---nn- ὅς@p-p---ng- ὁ@l-s---mn- καρπός@n-s---mn- ἤ1@c-------- τροφή@n-s---fn- εἰμί@v3spia--- ἤ1@c-------- ἰσότιμος@a-s---nn- τροφή@n-s---fd- κτῆμα@n-s---nn- τίς@a-s---na- δή@d-------- δεῖ@v3siia--- πολεμόω@v--rne--- πρός@r-------- ὁ@l-p---na- μή@d-------- πολέμιος@a-p---na- τέμνω@v-pppama- ἤ1@d-------- καίω@v-pppama- ἤ1@c-------- ῥίζα@n-p---fd- αὐτός@a-p---fd- ἀνασπάω@v-pppama- ὅσπερ@p-p---na- αὐτός@a-s---fn- ὁ@l-s---fn- φύσις@n-p---fa- ὕδωρ@n-p---ng- ἐπιρροή@n-p---fd- καί@c-------- εὐκρασία@n-p---fd- ἀήρ@a-p---mg- τελειογονέω@v3saia--- δασμός@n-p---ma- ἐτήσιος@a-p---ma- φέρω@v-sfpama- ἄνθρωπος@n-p---md- οἷος@a-p---na- βασιλεύς@n-p---md-"
"Virtut._155","μέλω@v3saia--- δέ@d-------- αὐτός@p-s---md- καθά@c-------- ἀγαθός@a-s---md- προστάτης@n-s---md- ὁ@l-s---fa- ἀλειπτικός@a-s---fa- μή@d-------- μόνος@d-------- ζῷον@n-p---nd- ἀλλά@c-------- καί@d-------- φυτόν@n-p---nd- ἰσχύς@n-s---fa- τε@c-------- καί@c-------- ῥώμη@n-s---fa- ἀπεργάζομαι@v--anm--- καί@d-------- μάλιστα@d-------s ὁ@l-p---md- ἥμερος@n-p---md- ἐπεί@c-------- καί@c-------- πλείων@a-s---ngc ἄξιος@a-p---nn- φροντίς@n-s---fg- εἰμί@v3spia--- καί@c-------- οὐ@d-------- ὅμοιος@d-------- ὁ@l-p---nd- ἄγριος@n-p---nd- εὔτονος@a-p---nn- γεωργικός@a-s---fg- ἐπιστήμη@n-s---fg- δέω@v-pppena- πρός@r-------- κραταιός@a-s---fac δύναμις@n-s---fa-"
"Virtut._156","κελεύω@v3spia--- γάρ@d-------- ὁ@l-p---na- νεόφυτος@n-p---na- ὁ@l-p---ng- δένδρον@n-p---ng- ἐπί@r-------- τριετία@n-s---fa- ἑξῆς@d-------- τιθηνέω@v--pne--- ὁ@l-p---fa- τε@d-------- περισσός@a-p---fa- ἐπίφυσις@n-p---fa- ἀποτέμνω@v-pppama- ὑπέρ@r-------- ὁ@l-s---ng- μή@d-------- βαρύνω@v-pppena- πιέζω@v--pne--- καί@c-------- ὑπέρ@r-------- ὁ@l-s---ng- μή@d-------- κατατραχηλίζω@v-sppefg- ὁ@l-s---fg- τροφή@n-s---fg- διά@r-------- ’@r-------- ἔνδεια@n-s---fa- ἐξασθενέω@v--ana--- γυρόω@v--pna--- τε@c-------- καί@c-------- περισκάπτει@v--pna--- ἵνα@c-------- μηδείς@p-s---nn- ὁ@l-p---ng- ἐπί@r-------- ζημία@n-s---fd- παραναβλαστάνω@v3sasa--- ὁ@l-s---fa- αὔξησις@n-s---fa- κωλύω@v-sppana- ὁ@l-s---ma- τε@d-------- καρπός@n-s---ma- οὐ@d-------- ἐάω@v3spia--- δρέπω@v--pne--- κατά@r-------- μετουσία@n-s---fa- ἀπόλαυσις@n-s---fg- οὐ@d-------- μόνος@d-------- ἐπεί@c-------- ἀτελής@a-s---mn- ἐκ@r-------- ἀτελής@a-p---ng- μέλλω@v3siia--- εἰμί@v--fnm--- καί@d-------- γάρ@d-------- ὁ@l-p---ng- ζῷον@n-p---ng- ὅσος@p-p---nn- μή@d-------- τέλειος@a-p---nn- οὐ@d-------- τελειογενέω@v3spia--- ἀλλά@c-------- καί@d-------- διότι@c-------- βλάπτω@v--pne--- ὁ@l-p---na- νεόφυτος@n-p---na- καί@c-------- τρόπος@n-s---ma- τις@a-s---ma- χαμαίζηλος@a-p---na- μέλλω@v3siia--- κωλύω@v-pppenn- ἐρνόομαι@v--pne---"
"Virtut._157","πολύς@a-p---mn- γοῦν@d-------- ὁ@l-p---mg- γεωπόνος@n-p---mg- ἔαρ@n-s---ng- ὥρα@n-p---fa- ἐπιτηρέω@v3ppia--- ὁ@l-p---na- νέος@n-p---na- ὁ@l-p---ng- δένδρον@n-p---ng- ἵνα@c-------- ὅς@a-s---ma- ἄν@d-------- τίκτω@v3sasa--- καρπός@n-s---ma- εὐθύς2@d-------- ἀποθλίβω@v3ppsa--- πρίν@c-------- ἐπίδοσις@n-s---fa- καί@c-------- συναύξησις@n-s---fa- λαμβάνω@v--ana--- φόβος@n-s---md- ὁ@l-s---fg- ὁ@l-p---mg- τίκτω@v-papamg- ἀσθένεια@n-s---fg- συμβαίνω@v3spia--- γάρ@d-------- εἰ@c-------- μή@d-------- προφυλάσσω@v3saom--- τις@p-s---mn- ὅτε@c-------- χρή@v3spia--- τελειόω@v-sappma- καρπός@n-s---ma- φέρω@v--pna--- ἀτέκνω@v--pna--- ἤ1@c-------- ἀμβλίσκω@v--pna--- ἐξασθενέω@v-sapama- ὁ@l-s---nd- πρό@r-------- καιρός@n-s---mg- πονέω@v--anp--- φορά@n-p---fd- ὅς@p-p---fa- ὁ@l-p---fn- πάλαι@d-------- κληματίς@n-p---fn- ἐπηχθίω@v-pppefn- ῥίζα@n-p---fd- αὐτός@p-p---fd- ἐκτρύχω@v3ppia--- ὁ@l-p---na- δένδρον@n-p---na-"
"Virtut._158","μετά@r-------- δέ@d-------- τριετία@n-s---fa- ὅταν@c-------- ὁ@l-p---fn- μέν@d-------- ῥίζα@n-p---fn- βαθύνω@v3ppsa--- προσέχω@v-pppefn- ὁ@l-s---nd- ἔδαφος@n-s---nd- κραταιός@a-s---nac ὁ@l-s---nn- δέ@c-------- δένδρον@n-s---nn- ὥσπερ@d-------- ἀκλινής@a-p---nd- θεμέλιος@n-p---nd- ἐπερείδω@v-srpenn- αὐξάνω@v3sasa--- σύν@r-------- εὐτονία@n-s---fd- δύναμαι@v3sfim--- τελειογενέω@v--pna--- ἔτος@n-s---nd- τέταρτος@a-s---nd- κατά@r-------- τέλειος@a-s---ma- ἀριθμός@n-s---ma- τετράς@a-s---fa-"
"Virtut._159","τετράς@n-s---fd- δέ@d-------- κελεύω@v3spia--- μή@d-------- δρέπω@v--pne--- ὁ@l-s---ma- καρπός@n-s---ma- πρός@r-------- ἀπόλαυσις@n-s---fa- ἀλλά@c-------- ὅλος@a-s---ma- αὐτός@p-s---ma- καθιερόω@v--pna--- ἀπαρχή@n-s---fa- ὁ@l-s---md- θεός@n-s---md- ὁ@l-s---fd- μέν@d-------- ὁ@l-p---ng- προγίγνομαι@v-prpang- χαριστήριος@a-s---na- ὁ@l-s---fd- δέ@c-------- ἐλπίς@n-s---fa- ὁ@l-s---fg- εἰς@r-------- ὁ@l-s---na- μέλλω@v-sppana- εὐκαρπία@n-s---fg- καί@c-------- ὁ@l-s---ng- μετά@r-------- οὗτος@p-s---na- προσοδεύω@v--pne---"
"Virtut._160","ὁράω@v2spia--- ὅσος@a-s---na- ὁ@l-s---nn- ἴλαος@a-s---nn- καί@c-------- χρηστός@a-s---na- ἐπιδείκνυμι@v3spie--- καί@c-------- ὡς@c-------- ἀναχέω@v3sria--- αὐτός@p-s---nn- πρός@r-------- πᾶς@a-s---fa- ἰδέα@n-s---fa- ἄνθρωπος@n-p---mg- ὁ@l-s---na- πρῶτος@a-s---na- καί@d-------- ἄν@c-------- ἀλλόφυλος@a-s---mn- τις@p-s---cn- ἤ1@c-------- ἐχθρός@a-s---mn- εἰμί@v3spsa--- εἶτα@d-------- ζῷον@n-p---ng- ἄλογος@a-p---ng- καί@c-------- ἄν@c-------- μή@d-------- τυγχάνω@v3spsa--- καθαρός@a-p---nn- ἐπί@r-------- δέ@d-------- πᾶς@a-p---md- σπαρτός@n-p---fg- ὁμοῦ@d-------- καί@c-------- δένδρον@n-p---ng- ὅς@l-s---mn- τε@c-------- γάρ@d-------- ἐν@r-------- ὁ@l-p---fd- ἀφαντάστος@a-p---nds φύσις@n-p---fd- προμανθάνω@v-sapamn- ἐπιείκεια@n-s---fa- εἰς@r-------- οὐδείς@p-s---na- ἄν@d-------- ὁ@l-p---ng- ψυχή@n-s---fg- μετέχω@v-pppeng- ἐξαμαρτάνω@v3saoa--- ὅς@l-s---mn- τε@d-------- μή@d-------- ἐπιχειρέω@v-sppamn- νεωτερίζω@v--pna--- περί@r-------- ὁ@l-p---na- ἔμψυχος@a-p---na- πρόσωθεν@d-------- ἐκδιδάσκω@v3spie--- ὁ@l-p---ng- λογικός@a-p---ng- ἐπιμελέομαι@v--pne---"
"Virtut._161","τοιοῦτος@a-p---fd- ὑφήγησις@n-p---fd- ὁ@l-p---fa- διάνοια@n-p---fa- ὁ@l-p---mg- κατά@r-------- αὐτός@p-s---ma- πολιτεύω@v-pppemg- ἐξημερόω@v-sapamn- ὑπεροψία@n-p---fa- καί@c-------- ἀλαζονεία@n-s---fg- ἀργαλέος@a-p---ngs καί@c-------- ἐπαχθής@a-p---ngs κακός@a-p---ng- διαχωρίζω@v3saia--- ὅς@p-p---ng- ὡς@d-------- μέγας@a-p---ngs ἀγαθός@a-p---ng- ὁ@l-p---mn- πολύς@a-p---mn- περιέχω@v3ppie--- καί@d-------- μάλιστα@d-------- ὅταν@c-------- πλοῦτος@n-p---mn- καί@d-------- δοκέω@n-p---fn- καί@c-------- ἡγεμονία@n-p---fn- περιουσία@n-p---fa- ἄφθονος@a-p---fa- χορηγέω@v3ppsa---"
"Virtut._162","ἀλαζονεία@n-s---fn- γάρ@d-------- φύω@v3spie--- καί@c-------- ἐν@r-------- ἠμελημένως@v-prpemd- καί@c-------- ἀφανής@a-p---md- ἄνθρωπος@n-p---md- ὡς@c-------- καί@c-------- ὁ@l-p---ng- ἄλλος@p-p---ng- ἕκαστος@a-s---nn- ψυχή@n-s---fg- πάθος@n-p---ng- τε@c-------- καί@c-------- νόσημα@n-p---ng- καί@c-------- ἀρρώστημα@n-p---ng- ὁ@l-s---fa- δέ@d-------- ἐπί@r-------- πλέος@a-s---nac παραύξησις@n-s---fa- οὐ@d-------- λαμβάνω@v3spia--- ἀλλά@c-------- ’@c-------- οἷος@p-p---na- πῦρ@n-s---ng- οὐσία@n-s---fn- διά@r-------- σπάνις@n-s---fa- ὕλη@n-s---fg- ἀμαυρόω@v3spie--- περιφαίνομαι@v3spie--- δέ@d-------- ἐν@r-------- ὁ@l-p---nd- μέγας@a-p---nd- χορηγός@n-p---ma- ὡς@c-------- φημί@v1siia--- ἔχω@v3ppia--- οὗτος@a-s---ng- ὁ@l-s---ng- κακός@a-s---ng- πλοῦτος@n-p---ma- καί@d-------- δοκέω@n-p---fa- καί@c-------- ἡγεμονία@n-p---fa- ὅς@p-s---fa- ὑποπίμπλημι@v-pappmn- καθά@c-------- ὁ@l-p---mn- πολύς@a-s---ma- ἄκρατος@a-s---ma- ἐμφορέω@v-papemn- μεθύω@v3ppia--- καί@c-------- ἐμπαροινέω@v3ppia--- δοῦλος@n-p---md- ὁμοῦ@d-------- καί@c-------- ἐλεύθερος@a-p---md- εἰμί@v3spia--- δέ@c-------- ὅτε@c-------- καί@d-------- ὅλος@a-p---fd- πόλις@n-p---fd- τίκτω@v3spia--- γάρ@d-------- κόρος@n-s---mn- ὕβρις@n-s---fa- ὡς@c-------- ὁ@l-s---mn- ὁ@l-p---mg- παλαιός@a-p---mg- λόγος@n-s---mn-"
"Virtut._163","διό@d-------- πάγκαλος@d-------- μωυσῆς@n-s---mn- ἱεροφαντέω@v-sppamn- παραινέω@v3spia--- πᾶς@a-p---ng- μέν@d-------- ἁμάρτημα@n-p---ng- ἀπέχω@v--pne--- διαφερόντως@d-------- δέ@c-------- ὑπεροψία@n-p---fa- εἶτα@d-------- ὑπόμνησις@n-s---fa- ποιέω@v3spie--- ὁ@l-p---mg- μέν@d-------- ἀναφλέγω@v--pna--- ὁ@l-s---na- πάθος@n-s---na- ἔθω@v-prpamg- πλησμονή@n-s---fg- γαστήρ@n-s---fg- ἄμετρος@a-s---fg- καί@d-------- οἰκία@n-p---fg- καί@d-------- κτῆμα@n-p---ng- καί@c-------- θρέμμα@n-p---ng- ἄφθονος@a-s---fg- περιουσία@n-s---fg- γίγνομαι@v3ppie--- γάρ@d-------- εὐθύς2@d-------- ἑαυτοῦ@p-p---mg- ἀκράτορος@n-p---mn- διαίρω@v-pppemn- καί@c-------- φυσάω@v-pppemn- ὅς@p-p---md- εἷς@a-s---fn- θεραπεία@n-s---fg- ἐλπίς@n-s---fn- ὁ@l-s---nn- μηδέποτε@d-------- ἐκλανθάνω@v--pne--- ὁ@l-s---mg- θεός@n-s---mg-"
"Virtut._164","καθά@c-------- γάρ@d-------- ἀνατέλλω@v-sapamg- ἥλιος@n-s---mg- ὁ@l-s---nn- μέν@d-------- σκότος@n-s---nn- ἀφανίζω@v3spie--- φώς@n-s---mg- δέ@c-------- πληρόω@v3spie--- ὁ@l-p---nn- πᾶς@a-p---nn- ὁ@l-s---ma- αὐτός@a-s---ma- τρόπος@n-s---ma- ὅταν@c-------- θεός@n-s---mn- ὁ@l-s---mn- νοητός@a-s---mn- ἥλιος@n-s---mn- ἀνέχω@v3sasa--- καί@c-------- ἐπιφαίνω@v3sasa--- ψυχή@n-s---fd- ὁ@l-s---mn- μέν@d-------- ὁ@l-p---fg- πάθος@n-p---ng- καί@c-------- κακία@n-p---fg- ζόφος@n-s---mn- ἀναστρέφω@v3spie--- ὁ@l-s---fg- δέ@c-------- αὐγοειδής@a-s---fgs ἀρετή@n-s---fg- ὁ@l-s---nn- καθαρός@a-s---nas καί@c-------- ἀξιέραστος@a-s---nn-"
"Virtut._165","εἶδος@n-s---nn- ἐπιφαίνω@v3spie--- στέλλω@v--pna--- δέ@d-------- ἔτι@d-------- μᾶλλον@d-------- καί@c-------- καθαιρέω@v--pna--- ὑπεροψία@n-s---fa- ἀξιόω@v-sppamn- ὁ@l-p---fa- αἰτία@n-p---fa- ἐπιλέγω@v3spia--- διά@r-------- ὅς@p-p---fa- ἄληστος@a-s---nn- χρή@v3siia--- ὁ@l-s---fa- ὁ@l-s---mg- θεός@n-s---mg- μνήμη@n-s---fa- ἀγαλματοφορέω@v--pna--- οὗτος@p-s---mn- γάρ@d-------- σύ@p2s---cd- φημί@v3spia--- δίδωμι@v3spia--- ἰσχύς@n-s---fa- ποιέω@v--ana--- δύναμις@n-s---fa- deut@x-------- 8@x-------- 18@x-------- ἄγαν@d-------- παιδευτικός@d-------- ὁ@l-s---mn- γάρ@d-------- ἀκριβής@d-------- ἀναδιδάσκω@v-sappmn- ὅτι@c-------- δῶρον@n-s---na- λαμβάνω@v3sria--- παρά@r-------- θεός@n-s---mg- ὁ@l-s---na- εὔτονος@a-s---na- καί@c-------- ῥωμαλέος@a-s---na- ὁ@l-s---fa- ἴδιος@a-s---fa- ἀσθένεια@n-s---fa- ἐκλογίζομαι@v-sppemn- ὅς@p-s---fa- πρίν@c-------- ἀπολαύω@v--ana--- ὁ@l-s---fg- δωρεά@n-s---fg- ἔχω@v3siia--- ὁ@l-s---na- ὑψηλός@a-s---na- καί@c-------- ὑπέραυχος@a-s---na- φρόνημα@n-s---na- διώκω@v3sfim--- καί@c-------- εὐχαριστέω@v3sfia--- ὁ@l-s---nd- ὁ@l-s---fg- κρείσσων@a-s---fgc αἴτιος@a-s---nd- μεταβολή@n-s---fg- ψυχή@n-s---fn- δέ@g-------- εὐχάριστος@a-s---fn- ἀλαζονεία@n-s---fd- πολέμιος@a-s---fn- ἐπεί@c-------- καί@c-------- ὁ@l-s---nn- ἐναντίος@a-s---nn- ἀχαριστία@n-s---fn- συγγενής@a-s---nn- ὑπεροψία@n-s---fd-"
"Virtut._166","ἐάν@c-------- δέ@d-------- φημί@v3spia--- εὐρωστής@v3spsa--- σύ@p-s---md- ὁ@l-p---nn- πρᾶγμα@n-p---nn- λαμβάνω@v-sapamn- καί@c-------- κτάομαι@v-sapmmn- ἰσχύς@n-s---fa- ὅς@p-s---fa- ἴσως@d-------- οὐ@d-------- προσδοκάω@v2saia--- ποιέω@v2spma--- δύναμις@n-s---fa- τίς@p-s---nn- δέ@d-------- οὗτος@p-s---nn- εἰμί@v3spia--- ἀκριβωτέος@a-s---nn- ὁ@l-p---md- μή@d-------- πάνυ@d-------- συνοράω@v-pppamd- ὁ@l-s---na- δηλέομαι@v-sppena- πολύς@a-p---mn- ὁ@l-p---na- ἐναντίος@a-p---na- ὅς@p-p---ng- εὖ@d-------- πάσχω@v3pria--- δράω@v--pna--- ἐπιχειρέω@v3ppia--- ἤ1@d-------- γάρ@d-------- πλουτέω@v-papamn- πενία@n-s---fa- ἄλλος@p-p---md- κατασκευάζω@v3ppia--- ἤ1@c-------- δόξα@n-s---fg- καί@c-------- τιμή@n-s---fg- ἐπί@r-------- μέγας@a-s---na- μετέχω@v-papamn- ἀδοξία@n-s---fg- καί@c-------- ἀτιμία@n-s---fg- ἕτερος@a-p---md- αἴτιος@a-p---mn- γίγνομαι@v3ppie---"
"Virtut._167","χρή@v3spia--- δέ@d-------- καί@c-------- ὁ@l-s---ma- φρόνιμος@a-s---ma- ἀγχίνοος@a-p---ma- ὡς@c-------- ἐν@v3spia--- μάλιστα@d-------s ὁ@l-p---ma- πλησιάζω@v-pppama- κατασκευάζω@v--pna--- καί@c-------- ὁ@l-s---ma- σώφρων@a-s---ma- ἐγκρατής@a-p---ma- καί@c-------- γενναῖος@a-p---ma- ὁ@l-s---ma- ἀνδρεῖος@a-s---ma- καί@c-------- ὁ@l-s---ma- δίκαιος@a-s---ma- δίκαιος@a-p---ma- καί@c-------- ὅλος@d-------- ἀγαθός@a-p---ma- ὁ@l-s---ma- ἀγαθός@a-s---ma- οὗτος@p-p---nn- γάρ@d-------- ὡς@c-------- ἔοικα@v3sria--- δύναμις@n-p---fa- ὅς@p-p---fg- ὅς@l-s---mn- γε@d-------- ἀστεῖος@a-s---mn- ὡς@d-------- οἰκεῖος@a-p---mgs περιέχω@v3sfim--- ἀδυναμία@n-s---fn- δέ@d-------- καί@c-------- ἀσθένεια@n-s---fn- ὁ@l-p---nn- ἐναντίος@a-p---nn- σπουδαῖος@a-p---ng- ἀλλότριος@a-p---nn- ἦθος@n-p---fg-"
"Virtut._168","ἄλλως@d-------- τε@c-------- καί@c-------- μάθημα@n-s---na- ἐκδιδάσκω@v3spia--- ὁ@l-s---fd- λογικός@a-s---fd- φύσις@n-s---fd- πρεπώδης@a-s---nns μιμέομαι@v--pne--- θεός@n-s---ma- κατά@r-------- ’@r-------- ὅσος@a-s---na- οἷος@a-s---nn- τε@d-------- μηδείς@p-s---na- παραλείπω@v-sapama- ὁ@l-p---ng- εἰς@r-------- ὁ@l-s---fa- ἐνδέχομαι@v-sppefa- ἐξομοίωσις@v3ppsa--- ἐπεί@c-------- τοίνυν@d-------- φημί@v3spia--- λαμβάνω@v2saia--- ἰσχύς@n-s---fa- παρά@r-------- ὁ@l-s---mg- δυνατός@a-s---ngs μεταδίδωμι@v2sama--- ἄλλος@p-p---md- ἰσχύς@n-s---fg- διατίθημι@v-sapamn- ὅς@p-s---na- πάσχω@v2saia--- ἵνα@c-------- μιμέομαι@v3sasa--- θεός@n-s---ma- ὁ@l-s---nd- παραπλήσιος@a-p---na- χαρίζω@v--pne---"
"Virtut._169","κοινωφελής@a-p---fn- γάρ@d-------- ὁ@l-p---fn- ὁ@l-s---mg- πρῶτος@a-s---mg- ἡγεμών@n-s---mg- δωρεά@n-p---fn- ὅς@p-p---fa- δίδωμι@v3spia--- ἔνιοι@p-p---md- οὐ@d-------- ἵνα@c-------- ἐκεῖνος@p-p---mn- λαμβάνω@v-papamn- ἀποκρύπτω@v3pasa--- ἤ1@c-------- καταχράω@v3pasm--- πρός@r-------- ζημία@n-s---fa- ἕτερος@a-p---mg- ἀλλά@c-------- ἵνα@c-------- ’@c-------- εἰς@r-------- μέσος@a-s---na- προφέρω@v-papamn- ὥσπερ@c-------- ἐν@r-------- δημοθοινία@n-s---fd- πᾶς@a-p---ma- ὅσος@a-p---ma- οἷος@a-s---nn- τε@d-------- καλέω@v3pasa--- ἐπί@r-------- ὁ@l-s---fa- χρῆσις@n-s---fa- καί@c-------- ἀπόλαυσις@n-s---fa- αὐτός@p-p---mg-"
"Virtut._170","λέγω3@v1ppia--- οὖν@d-------- καί@c-------- ὁ@l-s---md- πολυχρήματος@a-s---md- καί@c-------- ἔνδοξος@a-s---md- καί@c-------- εὐέκτης@a-s---md- καί@c-------- ἐπιστήμων@a-s---md- πλούσιος@a-p---ma- καί@c-------- ἔνδοξος@a-p---ma- εὐέκτας@n-p---ma- τε@c-------- καί@c-------- ἐπιστήμων@a-p---ma- καί@c-------- ὅλος@d-------- ἀγαθός@a-p---ma- ἀπεργάζομαι@v--pne--- ὁ@l-p---ma- ἐντυγχάνω@v-pppama- ἀλλά@c-------- μή@d-------- φθόνος@n-s---ma- καί@c-------- βασκανία@n-s---fa- ἀρετή@n-s---fg- προτιμάω@v-sapama- ὁ@l-p---md- εὖ@d-------- πράσσω@v--pna--- δύναμαι@v-pppemd- ἀντιβαίνω@v--pna---"
"Virtut._171","ὁ@l-p---ma- δέ@d-------- μέγας@a-s---na- πνέω@v-pppama- ἐπίτασις@n-s---fd- ὁ@l-s---fg- ἀλαζονεία@n-s---fg- ὡς@d-------- ἀθεραπεύτως@d-------- εἰς@r-------- ἅπας@a-s---na- ἔχω@v-pppama- ὁ@l-s---mn- νόμος@n-s---mn- πάγκαλος@d-------- οὐ@d-------- ἄγω@v3saia--- εἰς@r-------- κρίσις@n-s---fa- ἀνθρώπινος@a-s---fa- ἀλλά@c-------- μόνος@a-s---md- ὁ@l-s---md- θεῖος2@a-s---md- παραδίδωμι@v3saia--- δικαστήριον@n-s---nd- φημί@v3spia--- γάρ@d-------- ὅς@p-s---mn- ἄν@d-------- ἐγχειρέω@v3spsa--- τις@p-s---na- πράσσω@v--pna--- μετά@r-------- ὑπερηφανία@n-s---fg- ὁ@l-s---ma- θεός@n-s---ma- παροξύνω@v3spia--- num@n-------- 30@x-------- διά@r-------- τίς@p-s---na-"
"Virtut._172","ὅτι@c-------- πρῶτος@d-------- μέν@d-------- ἀλαζονεία@n-s---fn- ψυχή@n-s---fg- εἰμί@v3spia--- κακία@n-s---fn- ψυχή@n-s---fn- δέ@d-------- ἀόρατος@a-s---fn- ὅτι@c-------- μή@d-------- θεός@n-s---md- κολαστής@n-s---mn- δέ@d-------- ὁ@l-s---mn- μέν@d-------- τυφλός@a-s---mn- ἐπίμεμπτος@a-s---mn- ἄγνοια@n-s---fa- κατήγορος@a-s---fa- ἔχω@v-sppamn- ὁ@l-s---mn- δέ@c-------- βλέπω@v-sppamn- ἐπαινετός@a-s---mn- ἐπιστήμη@n-s---fd- πᾶς@a-p---na- δράω@v-sppamn- ἔπειτα@d-------- δέ@d-------- ὅτι@c-------- φρόνημα@n-s---ng- ὑπόπλεως@n-s---fg- ἄλογος@a-s---ng- γίγνομαι@v-sapmmn- πᾶς@a-s---mn- ἀλαζών@v-sppamn- οὐ@d-------- τε@c-------- ἀνήρ@n-s---ma- οὐ@d-------- τε@c-------- ἡμίθεος@a-s---ma- ἀλλά@c-------- ὅλος@a-s---ma- δαίμων@n-s---ma- κατά@r-------- ὁ@l-s---ma- πίνδαρος@n-s---ma- ὑπολαμβάνω@v3spia--- ἑαυτοῦ@p-s---ma- ὑπέρ@r-------- ὁ@l-p---ma- ὅρος@n-p---ma- ὁ@l-s---fg- ἀνθρώπινος@a-s---fg- φύσις@n-s---fg- βαίνω@v--pna--- ἀξιόω@v-sppamn-"
"Virtut._173","εἰμί@v3spia--- δέ@d-------- αὐτός@p-s---md- καθά@c-------- ὁ@l-s---fn- ψυχή@n-s---fn- καί@c-------- ὁ@l-s---nn- σῶμα@n-s---nn- ἐπίληπτος@a-s---nn- κατά@r-------- τε@c-------- ὁ@l-p---fa- σχέσις@n-p---fa- καί@c-------- κίνησις@n-p---fa- ἅπας@a-p---fa- ἀκροβατεύς@v3spia--- γάρ@d-------- καί@c-------- ὁ@l-s---ma- αὐχήν@n-s---ma- μετέωρος@a-s---ma- ἐξαίρω@v3spia--- φρυάσσομαι@v-sppemn- καί@c-------- πλέος@a-s---nac ὁ@l-s---fg- φύσις@n-s---fg- ἐπαίρω@v3srie--- καί@c-------- φύω@v3srie--- καί@c-------- ὁράω@v-sppamn- παραβλέπω@v3spia--- πλάγιος@n-p---fd- ὄψις@n-p---nd- καί@c-------- ἀκούω@v-sppamn- παρακούω@v3spia--- χράω2@v3srie--- δέ@d-------- ὁ@l-p---md- μέν@d-------- οἰκέτης@n-p---md- ὡς@c-------- θρέμμα@n-p---nd- ὁ@l-p---md- δέ@d-------- ἐλεύθερος@a-p---md- ὡς@c-------- οἰκέτης@n-p---md- καί@c-------- ὁ@l-p---md- μέν@d-------- συγγενής@a-p---md- ὡς@c-------- ἀλλότριος@a-p---md- ὁ@l-p---md- δέ@d-------- φίλος@a-p---md- ὡς@c-------- κόλαξ@n-p---md- ὁ@l-p---md- δέ@d-------- ἀστός@a-p---md- ὡς@c-------- ξένος1@a-p---md-"
"Virtut._174","πᾶς@a-p---mg- τε@c-------- οἴομαι@v3spie--- εἰμί@v--pna--- πλούσιος@a-s---mns ἔντιμος@a-s---mns καλός@a-s---mns ἰσχυρός@a-s---mns φρόνιμος@a-s---mns σώφρων@a-s---mns δίκαιος@a-s---mns λόγιος@a-s---mns ἐπιστημονικός@a-s---mns εἶτα@d-------- ὁ@l-p---ma- ἄλλος@p-p---ma- ὑπολαμβάνω@v3spia--- πένης@n-p---ma- ἄδοξος@a-p---ma- ἄτιμος@a-p---ma- ἄφρων@a-p---ma- ἄδικος@a-p---ma- ἀνεπιστήμων@a-p---ma- καθάρμα@n-p---nn- ὁ@l-s---na- μηδείς@p-s---na- εἰκότως@d-------- οὖν@d-------- ὁ@l-s---mn- τοιοῦτος@p-s---mn- ἀντίδικος@a-s---md- καί@c-------- κολαστής@n-s---md- χράω2@v3saom--- ἄν@d-------- ὡς@c-------- φημί@v3spia--- ὁ@l-s---mn- ἱεροφάντης@n-s---mn- θεός@n-s---md-"
"Virtut._175","περί@v1spia--- μετάνοια@n-s---fg- φιλάρετος@a-s---mn- καί@d-------- φιλόκαλος@a-s---mn- καί@c-------- διαφερόντως@d-------- φιλάνθρωπος@a-s---mn- εἰμί@v-sppamn- ὁ@l-s---mn- ἱερός@a-s---mns μωυσῆς@n-s---mn- προτρέπω@v3spia--- ὁ@l-p---ma- πανταχοῦ@d-------- πᾶς@a-p---ma- εὐσέβεια@n-s---fg- καί@c-------- δικαιοσύνη@n-s---fg- εἰμί@v--pna--- ζηλωτής@n-p---ma- ἆθλον@n-p---na- προτίθημι@v-sppamn- ὡς@d-------- νικηφόρος@a-p---md- μέγας@a-p---na- ὁ@l-p---md- μετανοέω@v-pppamd- πολιτεία@n-s---fg- κοινωνία@n-s---fa- ὁ@l-s---fg- ἄριστος@a-s---fgs καί@c-------- ὁ@l-p---fg- κατά@r-------- αὐτός@p-s---fa- ἀπόλαυσις@n-s---fa- μικρός@a-p---ng- τε@d-------- καί@c-------- μέγας@a-p---ng-"
"Virtut._176","ἀγαθός@a-p---nn- γάρ@d-------- προηγέομαι@v-pppenn- ἐν@r-------- μέν@d-------- σῶμα@n-p---nd- ὁ@l-s---fn- ἄνοσος@a-s---fn- ὑγεία@n-s---fn- ἐν@r-------- δέ@d-------- ναῦς@n-p---fd- ὁ@l-s---fn- ἀκίνδυνος@a-s---fn- εὔπλοια@a-s---fn- ἐν@r-------- δέ@d-------- ψυχή@n-p---fd- ὁ@l-s---fn- ἄληστος@a-s---fn- μνήμη@n-s---fn- ὁ@l-p---ng- ἄξιος@a-p---ng- μνημονεύω@v--pne--- δεύτερος@a-p---na- δέ@d-------- ὁ@l-p---nn- κατά@r-------- ἐπανόρθωσις@n-s---fa- συνιστάω@v-pppenn- ὅς@l-s---fn- τε@c-------- ἐκ@r-------- νόσος@n-p---fg- ἀνάληψις@n-s---fn- καί@c-------- ὁ@l-s---fn- ἐκ@r-------- ὁ@l-p---mg- κατά@r-------- πλόος@n-s---ma- κίνδυνος@n-p---mg- εὐκταιότατος@a-s---fns σωτηρία@n-s---fn- καί@c-------- ὁ@l-s---fn- λήθη@a-s---fg- ἐκγίγνομαι@v-sppefn- ἀνάμνησις@n-s---fn- ὅς@p-s---fg- ἀδελφός@n-s---ma- καί@c-------- συγγενής@a-s---nns ὁ@l-s---nn- μετανοέω@v--pna--- εἰμί@v3spia--- οὐ@d-------- ἐν@r-------- ὁ@l-s---fd- πρῶτος@a-s---fd- καί@c-------- ἄνω@d-------- τάσσω@v-srpema- τάξις@n-s---fd- ὁ@l-p---ng- ἀγαθός@a-p---ng- ἀλλά@c-------- ἐν@r-------- ὁ@l-s---fd- μετά@r-------- οὗτος@p-s---fa- φέρω@v-sppenn- δευτερεῖον@a-p---na-"
"Virtut._177","ὁ@l-s---na- μέν@d-------- γάρ@d-------- μηδείς@p-s---na- ὅλος@d-------- ἁμαρτάνω@v--ana--- ἴδιος@a-s---nn- θεός@n-s---mg- τάχα@d-------- δέ@c-------- καί@d-------- θεῖος2@a-s---mg- ἀνήρ@n-s---mg- ὁ@l-s---na- δέ@d-------- ἁμαρτάνω@v-sapama- μεταβάλλω@v--ana--- πρός@r-------- ἀνυπαίτιος@a-s---fa- ζωή@n-s---fa- φρόνιμος@a-s---mg- καί@c-------- ὁ@l-s---na- συμφέρω@v-sppana- εἰς@r-------- ἅπας@a-s---na- οὐ@d-------- ἀγνοέω@v-sapamg-"
"Virtut._178","ὅθεν@d-------- ὁ@l-p---ma- τοιοῦτος@p-p---ma- συνάγω@v-sppamn- καί@c-------- μυσταγωγός@v-sppamn- προσκαλέω@v3spie--- ὁ@l-p---fa- συμβατήριος@a-p---fa- καί@c-------- φιλικός@a-p---fa- προτείνω@v-sppamn- ὑφήγησις@n-p---fa- ὅς@p-p---fn- παραινέω@v3ppia--- ἀψεύδεια@n-s---fa- ἀσκέω@v--pna--- καί@d-------- τῦφος@n-s---ma- προβάλλω@v--rne--- καί@c-------- ἀλήθεια@n-s---fg- καί@c-------- ἀτυφία@n-s---fg- ὡς@d-------- ἀναγκαῖος@a-p---fas καί@c-------- εὐδαιμονία@n-p---fa- αἴτιος@a-p---ng- περιέχω@v--pne--- μυθικός@a-p---ng- πλάσμα@n-p---ng- κατεξανασταίνομαι@v-papama- ὅσπερ@p-p---na- ἐκ@r-------- πρῶτος@a-s---fg- ἡλικία@n-s---fg- ἁπαλός@a-p---fd- ἔτι@d-------- ψυχή@n-p---fd- γονεύς@n-p---mn- καί@d-------- τίτθη@n-p---mn- καί@d-------- παιδαγωγός@n-p---mn- καί@c-------- μυρίος@a-p---mn- ἄλλος@p-p---mn- ὁ@l-p---mg- συνήθης@a-p---mg- χαράσσω@v3paia--- πλάνος@n-s---ma- ἀνήνυτος@a-s---ma- περί@r-------- ὁ@l-s---fg- ὁ@l-s---ng- ἄριστος@a-s---ngs γνῶσις@n-s---fg- ἀπεργάζομαι@v-papmmn-"
"Virtut._179","τίς@p-s---nn- δέ@d-------- ἄν@d-------- εἰμί@v3spoa--- ὁ@l-p---ng- εἰμί@v-pppang- ἄριστον@a-s---nns ἤ1@c-------- θεός@n-s---mn- ὅς@p-s---mg- ὁ@l-p---fa- τιμή@n-p---fa- προσνέμω@v3paia--- ὁ@l-p---md- οὐ@d-------- θεός@n-p---md- ἐκεῖνος@p-p---ma- μέν@d-------- ἀποσεμνύνω@v-pppamn- πλέος@a-s---nac ὁ@l-s---ng- μέτριος@a-s---ng- ὁ@l-s---mg- δέ@c-------- εἰς@r-------- ἅπας@a-s---na- ὁ@l-p---mn- κενός@a-p---mn- φρήν@n-p---fg- παραγράφω@v-papmmn- πᾶς@a-p---ma- οὖν@d-------- ὅσος@a-p---mn- ὁ@l-s---ma- κτίστης@n-s---ma- καί@c-------- πατήρ@n-s---ma- ὁ@l-s---ng- πᾶς@a-s---ng- εἰ@c-------- καί@d-------- μή@d-------- ἐκ@r-------- ἀρχή@n-s---fg- σέβω@v--pna--- ἀξιόω@v3paia--- ἀλλά@c-------- ὕστερος@a-s---na- μοναρχία@n-s---fa- ἀντί@r-------- πολυαρχία@n-s---fg- ἀσπάζομαι@v-papmmn- φίλτατος@a-p---mas καί@c-------- συγγενής@a-p---mas ὑποληπτέον@a-s---nn- ὁ@l-s---na- μέγας@a-s---nas εἰς@r-------- φιλία@n-s---fa- καί@c-------- οἰκειότης@n-s---fa- παρέχω@v-papmma- θεοφιλής@a-s---na- ἦθος@n-s---na- ὅς@p-p---md- χρή@v3spia--- καί@d-------- συνάχθομαι@v--pne--- καθά@d-------- ἄν@d-------- εἰ@c-------- καί@d-------- τυφλός@a-p---mn- πρότερος@a-s---na- εἰμί@v-pppamn- ἀναβλέπω@v3paia--- ἐκ@r-------- βαθύς@a-s---ngs σκότος@n-s---ng- αὐγοειδής@a-s---nas φάος@n-s---na- εἶδον@v-papamn-"
"Virtut._180","ὁ@l-s---nn- μέν@d-------- οὖν@d-------- πρῶτος@a-s---na- καί@c-------- ἀναγκαῖος@a-s---nns ὁ@l-p---ng- εἰς@r-------- μετάνοια@n-s---fa- ἐρῶ@v3srie--- μετανοέω@v3spma--- δέ@d-------- τις@p-s---mn- μή@d-------- μόνος@d-------- ἐπί@r-------- ὅς@p-p---nd- ἀπατάω@v3saip--- πολύς@a-s---ma- χρόνος@n-s---ma- ὁ@l-p---na- γενητός@n-p---na- πρό@r-------- ὁ@l-s---mg- ἀγένητος@a-s---mg- καί@c-------- ποιητής@n-s---mg- θαυμάζω@v-sapamn- ἀλλά@c-------- καί@d-------- ἐν@r-------- ὁ@l-p---nd- ἄλλος@p-p---nd- ὅσος@a-p---nn- περί@r-------- βίος@n-s---ma- ἀναγκαῖος@a-p---nn- μέτειμι1@v-sppamn- ὥσπερ@c-------- ἐκ@r-------- ὁ@l-s---fg- φαῦλος@a-s---fgs ὁ@l-p---fg- κακοπολιτεία@n-p---fg- ὀχλοκρατία@n-s---fg- εἰς@r-------- ὁ@l-s---fa- εὔνομος@a-s---fas πολιτεία@n-s---fa- δημοκρατία@n-s---fa- οὗτος@p-s---nn- δέ@d-------- εἰμί@v3spia--- ἐκ@r-------- ἀμαθία@n-s---fg- εἰς@r-------- ἐπιστήμη@n-s---fa- ὅς@p-p---ng- ὁ@l-s---fn- ἄγνοια@n-s---fn- αἰσχρός@a-s---nn- ἐκ@r-------- ἀφροσύνη@n-s---fg- εἰς@r-------- φρόνησις@n-s---fa- ἐκ@r-------- ἀκράτεια@n-s---fg- εἰς@r-------- ἐγκράτεια@n-s---fa- ἐκ@r-------- ἀδικία@n-s---fg- εἰς@r-------- δικαιοσύνη@n-s---fa- ἐκ@r-------- ἀτολμία@n-s---fg- εἰς@r-------- θαρραλεότης@n-s---fa-"
"Virtut._181","πάγκαλος@a-s---nn- γάρ@d-------- καί@c-------- συμφέρω@v-sppana- αὐτομολέω@v--pna--- ἀμεταστρεπτί@a-s---na- πρός@r-------- ἀρετή@n-s---fa- κακία@n-s---fa- ἐπίβουλος@a-s---fa- δέσποινα@n-s---fa- ἀπολιμπάνω@v-papama- ἅμα@d-------- δέ@d-------- ἀναγκαῖος@a-s---nn- ἕπομαι@v--pne--- ὡς@c-------- ἐν@r-------- ἥλιος@a-s---nd- σκιά@n-s---mn- σῶμα@n-s---nd- καί@c-------- ὁ@l-s---fd-"
"Virtut._182","ὁ@l-s---mg- εἰμί@v-sppamg- θεός@n-s---mg- τιμή@n-s---fd- πᾶς@a-s---fa- ὁ@l-s---fa- ὁ@l-p---fg- ἄλλος@a-p---fg- ἀρετή@n-p---fg- κοινωνία@n-s---fa- γίγνομαι@v3ppie--- γάρ@d-------- εὐθύς2@d-------- ὁ@l-p---mn- ἐπηλύτης@n-p---mn- σώφρων@a-p---mn- ἐγκρατής@a-p---mn- αἰδήμων@a-p---mn- ἥμερος@a-p---mn- χρηστός@a-p---mn- φιλάνθρωπος@a-p---mn- σεμνός@a-p---mn- δίκαιος@a-p---mn- μεγαλόφρων@a-p---mn- ἀλήθεια@n-s---fg- ἐραστής@n-p---mn- κρείσσων@a-p---mnc χρῆμα@n-p---ng- καί@c-------- ἡδονή@n-s---fg- ἐπεί@c-------- καί@d-------- ὁ@l-s---na- ἐναντίος@a-s---na- ὁ@l-p---ma- ὁ@l-p---mg- ἱερόν@a-p---mg- νόμος@n-p---mg- ἀφίστημι@v-papama- εἶδον@v--ana--- εἰμί@v3spia--- ἀκόλαστος@a-p---ma- ἀναίσχυντος@a-p---ma- ἄδικος@a-p---ma- ἄσεμνος@a-p---ma- ὀλιγόφρων@a-p---ma- φιλαπεχθήμων@a-p---ma- ψευδολογία@n-s---fg- ἑταῖρος@n-p---ma- καί@c-------- ψευδορκία@n-s---fg- ὁ@l-s---fa- ἐλευθερία@n-s---fa- πιπράσκω@v-prpama- ὄψον@n-s---ng- καί@d-------- ἄκρατος@a-s---ng- καί@d-------- πέμμα@n-p---ng- καί@c-------- εὐμορφία@n-s---fg- εἰς@r-------- τε@d-------- ὁ@l-p---fa- γαστήρ@n-s---fg- ἀπόλαυσις@n-p---fa- καί@c-------- ὁ@l-p---mg- μετά@r-------- γαστήρ@n-s---fa- ὅς@p-p---ng- ὁ@l-p---nn- τέλος@n-p---nn- βαρύς@a-p---nns ζημία@n-p---fn- σῶμα@n-s---ng- τε@d-------- καί@c-------- ψυχή@n-s---fg- εἰμί@v3ppia---"
"Virtut._183","πάγκαλος@a-p---fa- μέντοι@d-------- καί@d-------- ὁ@l-p---fa- εἰς@r-------- μετάνοια@n-s---fa- ὑφήγησις@n-p---fa- ποιέω@v3spie--- ὅς@p-p---fd- διδάσκω@v1ppie--- μεθαρμόζω@v--pne--- ὁ@l-s---ma- βίος@n-s---ma- ἐκ@r-------- ἀναρμοστία@n-s---fg- εἰς@r-------- ὁ@l-s---fa- ἀμείνων@a-s---fac μεταβολή@n-s---fa- φημί@v3spia--- γάρ@d-------- ὅτι@c-------- οὗτος@p-s---nn- ὁ@l-s---nn- πρᾶγμα@n-s---nn- οὐ@d-------- ὑπέρογκος@a-s---nn- εἰμί@v3spia--- οὐ@d-------- δέ@c-------- μακράν@d-------- ἀφίστημι@v-srpann- οὐ@d-------- τε@c-------- κατά@r-------- ὁ@l-s---ma- αἰθήρ@n-s---ma- ἄνω@d-------- καί@d-------- ἐν@r-------- ἐσχατιά@a-p---fd- γῆ@n-s---fg- οὐ@d-------- τε@c-------- πέραν@r-------- ὁ@l-s---fg- μέγας@a-s---fg- θάλασσα@n-s---fg- ὡς@c-------- ἀδυνατέω@v--ana--- λαμβάνω@v--ana--- ἀλλά@c-------- εἰμί@v3spia--- ἐγγύς@d-------c τρεῖς@a-p---nd- μέρος@n-p---nd- ὁ@l-p---mg- κατά@r-------- ἐγώ@p1p---ma- ἐνδιαιτάομαι@v-sppenn- στόμα@n-s---nd- καί@c-------- καρδία@n-s---fd- καί@c-------- χείρ@n-p---fd- διά@r-------- σύμβολον@n-p---mg- λόγος@n-p---md- καί@c-------- βουλή@n-p---fd- καί@c-------- πρᾶξις@n-p---fd- λόγος@n-s---mg- μέν@g-------- γάρ@g-------- στόμα@n-s---nn- σύμβολον@n-s---nn- καρδία@n-s---fn- δέ@g-------- βούλευμα@n-p---ng- πρᾶξις@n-p---fg- δέ@g-------- χείρ@n-p---fn- ἐν@r-------- ὅς@p-p---nd- ὁ@l-s---nn- εὐδαιμονέω@v--pna--- εἰμί@v3spia---"
"Virtut._184","ὅταν@c-------- μέν@d-------- γάρ@d-------- οἷος@p-s---mn- ὁ@l-s---mn- λόγος@n-s---mn- τοιόσδε@p-p---nn- ὁ@l-s---fn- γνώμη@n-s---fn- καί@c-------- οἷος@p-s---na- ὁ@l-s---nn- βούλευμα@n-s---nn- τοιόσδε@p-p---nn- ὁ@l-s---fn- πρᾶξις@n-s---fn- ἐπαινετός@a-s---mn- καί@c-------- τέλειος@a-s---mn- ὁ@l-s---mn- βίος@n-s---mn- ὅταν@c-------- δέ@d-------- στασιάζω@v3spsa--- οὗτος@p-p---na- ἐν@r-------- ἀλλήλων@p-p---md- ἀτελής@a-s---mn- τε@c-------- καί@c-------- ψεκτός@a-s---mn- εἰ@c-------- μή@d-------- τις@p-s---mn- ὁ@l-s---fg- ἁρμονία@n-s---fg- οὗτος@a-s---fg- ἐπιλανθάνω@v3saom--- εὐαρεστέω@v3sfia--- θεός@n-s---md- γίγνομαι@v-sapmmn- ὁμοῦ@d-------- θεοφιλής@a-s---mn- καί@c-------- φιλόθεος@a-s---mn- ὅθεν@d-------- εὖ@d-------- καί@c-------- σύμφωνος@d-------- ὁ@l-p---nd- ἐρῶ@v-prpend- χράω2@v3saip--- ὁ@l-s---nn- λόγιον@n-s---nn- ἐκεῖνος@a-s---nn- ὁ@l-s---ma- θεός@n-s---ma- αἱρέω@v2saim--- σήμερον@d-------- εἰμί@v--pna--- σύ@p2s---cd- θεός@n-s---ma- καί@c-------- κύριος@a-s---mn- αἱρέω@v3saim--- σύ@p2s----a- σήμερον@d-------- γίγνομαι@v--anm--- λαός@n-s---ma- αὐτός@p-s---md- deut@n-s---mv- 26@x-------- 17@x--------"
"Virtut._185","παγκάλη@a-s---fn- γε@d-------- ὁ@l-s---fg- αἵρεσις@n-s---fg- ὁ@l-s---fn- ἀντίδοσις@n-s---fn- σπεύδω@v-sppamg- ἄνθρωπος@n-s---mg- μέν@d-------- θεραπεύω@v--pna--- ὁ@l-s---na- εἰμί@v-sppana- θεός@n-s---mg- δέ@c-------- ἀνυπερθέτως@d-------- ἐξοικειόω@v--pne--- ὁ@l-s---ma- ἱκέτης@n-s---ma- καί@c-------- προαπαντᾶν@v--pna--- ὁ@l-s---nd- βούλημα@n-s---nd- ὁ@l-s---ng- γνήσιος@d-------- καί@c-------- ἀνόθως@d-------- εἶμι@v-sppang- ἐπί@r-------- ὁ@l-s---fa- θεραπεία@n-s---fa- αὐτός@p-s---mg- ὁ@l-s---mn- δέ@d-------- ἀληθής@a-s---mn- θεραπευτής@n-s---mn- τε@c-------- καί@c-------- ἱκέτης@n-s---mn- καί@d-------- ἄν@c-------- εἷς@a-s---mn- εἰμί@v-sppamn- ἀνήρ@n-s---mn- ἀριθμός@n-s---md- τυγχάνω@v3spsa--- δύναμις@n-s---fd- καθά@c-------- αὐτός@p-s---mn- αἱρέω@v3spie--- σύμπας@a-s---mn- εἰμί@v3spia--- ὁ@l-s---mn- λαός@n-s---mn- ἰσότιμος@a-s---mn- ὅλος@a-s---nd- ἔθνος@n-s---nd- γίγνομαι@v-srpamn-"
"Virtut._186","καί@d-------- φύω@v3sria--- οὕτως@d-------- ἔχω@v--pna--- ὡς@c-------- γάρ@d-------- ἐν@r-------- ναῦς@n-s---fd- μέν@d-------- κυβερνήτης@n-s---mn- πᾶς@a-p---md- ὁ@l-p---md- ναύτης@n-p---md- ἀντίρροπος@a-s---mn- ἐν@r-------- δέ@c-------- στρατόπεδον@n-s---nd- στρατηγός@n-s---mn- ἅπας@a-p---md- ὁ@l-p---md- στρατιώτης@n-p---md- διαφθείρω@v-sappmg- γοῦν@d-------- ἡσσάομαι@v--pne--- συμβαίνω@v3spia--- καθά@d-------- ἄν@d-------- εἰ@c-------- καί@d-------- πᾶς@a-s---fn- δύναμις@n-s---fn- ἡβηδόν@d-------- ἁλίσκομαι@v3saia--- ὁ@l-s---ma- αὐτός@a-s---ma- τρόπος@n-s---ma- καί@d-------- ὁ@l-s---mn- σοφός@a-s---mn- ὅλος@a-s---ng- ἔθνος@n-s---ng- ἀξίωμα@n-s---nd- ἁμιλλάομαι@v3spie--- τεῖχος@n-s---nd- φράσσω@v-srpemn- ἀκαθαίρετος@a-s---nd- εὐσέβεια@n-s---fd-"
"Virtut._187","περί@r-------- εὐγένεια@n-s---fg- διό@n-s---fv- καί@d-------- ὁ@l-p---md- ὑμνέω@v-pppamd- ὁ@l-s---fa- εὐγένεια@n-s---fa- ὡς@c-------- μέγας@a-s---nas ἀγαθός@a-s---na- καί@c-------- μέγας@a-p---ng- ἀγαθός@a-p---ng- αἴτιος@a-s---na- οὐ@d-------- μέτριος@d-------- ἐπιτιμητέον@a-s---nn- εἰ@c-------- πρῶτος@a-s---na- μέν@d-------- οἴομαι@v3ppie--- ὁ@l-p---ma- ἐκ@r-------- παλαιόπλουτος@a-p---mg- καί@c-------- παλαιένδοξος@a-p---mg- εὐγενής@a-p---ma- μη@d-------- δέ@c-------- ὁ@l-p---mg- πρόγονος@n-p---mg- ἀπό@r-------- ’@r-------- ὅς@p-p---mg- αὐχέω@v3ppia--- γίγνομαι@v--anm--- διά@r-------- ὁ@l-p---fa- ἄφθονος@a-p---fa- περιουσία@n-p---fa- εὐδαιμονέω@v-papamg- ἐπεί@c-------- ὁ@l-s---nn- πρός@r-------- ἀλήθεια@n-s---fa- ἀγαθός@a-s---nn- οὐδείς@p-s---nd- ὁ@l-p---mg- ἐκτός@d-------- ἀλλά@c-------- οὐ@d-------- δέ@d-------- ὁ@l-p---mg- περί@r-------- σῶμα@n-s---na- μᾶλλον@d-------- δέ@c-------- οὐ@d-------- δέ@c-------- πᾶς@a-s---nd- μέρος@n-s---nd- ψυχή@n-s---fg- ἀλλά@c-------- μόνος@a-s---nd- ὁ@l-s---nd- ἡγεμονικός@a-s---nd- φύω@v3sria--- ἐνδιαιτάομαι@v--pne---"
"Virtut._188","βούλομαι@v-sappmn- γάρ@d-------- ὁ@l-s---mn- θεός@n-s---mn- διά@r-------- ἡμερότης@n-s---fa- καί@c-------- φιλανθρωπία@n-s---fa- καί@d-------- παρά@r-------- ἐγώ@p1p---md- οὗτος@p-s---na- ἱδρύω@v--anm--- ναός@n-s---ma- ἀξιοπρεπής@a-s---nac οὐ@d-------- εὑρίσκω@v3saia--- ἐπί@r-------- γῆ@n-s---fg- λογισμός@n-s---mg- κρείσσων@a-s---mnc γάρ@d-------- εἰμί@v-sppamn- μόνος@a-s---mn- ἀγαλματοφορέω@v3spia--- ὁ@l-s---na- ἀγαθός@a-s---na- καί@c-------- ἄν@c-------- ἀπιστέω@v3ppsa--- τις@p-p---mn- ὁ@l-p---mg- ἤ1@c-------- μή@d-------- γεύω@v-papmmg- σοφία@n-p---fa- ἤ1@c-------- χεῖλος@n-p---nd- ἄκρος@a-p---md- ἄργυρος@n-s---mn- γάρ@d-------- καί@d-------- χρυσός@n-s---mn- τιμή@n-p---fn- τε@d-------- καί@d-------- ἀρχή@n-p---fn- καί@c-------- σῶμα@n-s---ng- εὐεξία@n-s---fn- μετά@r-------- εὐμορφία@n-s---fg- ἐξαρκέω@v--pna--- ἔοικα@v3pria--- ὁ@l-p---md- ἐν@r-------- ὁ@l-p---fd- ἡγεμονία@n-p---fd- ἐπί@r-------- χρεώ@n-p---fg- τάσσω@v-prpemd- πρός@r-------- ὁ@l-s---fa- οἷος@a-p---na- βασίλεια@n-s---fg- ἀρετή@n-s---fg- ὑπηρεσία@n-s---fa- αὐγοειδής@a-s---nas φάος@n-s---na- μή@d-------- εἶδον@v-papamn-"
"Virtut._189","ἐπεί@c-------- τοίνυν@d-------- ὁ@l-s---fn- εὐγένεια@n-s---fn- καθαίρω@v-srpefg- διάνοια@n-s---fg- καθάρσιος@a-p---md- τέλειος@a-p---md- κλῆρος@n-s---mg- οἰκεῖος@a-s---fn- χρή@v3spia--- μόνος@a-p---ma- λέγω3@v--pna--- εὐγενής@a-p---ma- ὁ@l-p---ma- σώφρων@a-p---ma- καί@c-------- δίκαιος@a-p---ma- καί@d-------- ἄν@c-------- τυγχάνω@v3pasa--- ἐκ@r-------- οἰκοτρίβων@a-p---mg- ἤ1@c-------- ἀργυρώνητος@a-p---mg- γίγνομαι@v-prpamn- ὁ@l-p---md- δέ@d-------- ἐκ@r-------- ἀγαθός@a-p---ng- πονηρός@a-p---md- γίγνομαι@v-prpamd- ἄβατος@a-s---nn- εἰμί@v3spma--- ὁ@l-s---nn- εὐγένεια@n-s---fg- χωρίον@n-s---nn-"
"Virtut._190","ἄοικος@a-s---mn- γάρ@g-------- καί@c-------- ἄπολις@a-s---mn- ὁ@l-s---mn- φαῦλος@a-s---mn- ἐκ@r-------- πατρίς@a-s---fg- ἀρετή@n-s---fg- ἐλαύνω@v-srpemn- ὅς@p-s---fn- καί@d-------- ὁ@l-s---nd- εἰμί@v-sppand- σοφός@a-p---mg- ἀνήρ@n-p---mg- εἰμί@v3spia--- πατρίς@n-s---fn- οὗτος@p-s---md- κατά@r-------- ὁ@l-s---na- ἀναγκαῖος@a-s---na- ἕπομαι@v3spie--- δυσγένεια@n-s---fn- καί@d-------- ἄν@c-------- εἰ@c-------- πάππος@n-p---mg- ἤ1@c-------- πρόγονος@n-p---mg- γίγνομαι@v3saom--- ὁ@l-p---ma- βίος@n-p---ma- ἀνεπιλήπτος@v-sppamn- ἀλλοτρίωσις@v3ppsa--- ἐπιτηδεύω@v-sppamd- καί@c-------- προσωτέρω@d-------- ὁ@l-s---fg- εὐγένεια@n-s---fg- διαζεύγνυμι@v-sppamd- ἑαυτοῦ@p-s---ma- ἐν@r-------- τε@d-------- λόγος@n-p---md- καί@c-------- ἔργον@n-p---nd-"
"Virtut._191","ἀλλά@d-------- γάρ@d-------- πρός@r-------- ὁ@l-s---nd- μή@d-------- φύω@v--rna--- ὁ@l-p---ma- πονηρός@a-p---ma- εὐγενής@a-p---ma- ἔτι@d-------- καί@d-------- πᾶς@a-p---ma- αὐτός@a-p---ma- ὁράω@v1spia--- πολέμιος@n-p---ma- ἀσυμβάτως@a-p---ma- εὐγένεια@n-s---fd- καθαιρέω@v-pppama- ὁ@l-s---na- προγονικός@a-s---na- ἀξίωμα@n-s---na- καί@c--------"
"Virtut._192","ὅσος@a-s---na- ἐν@r-------- ὁ@l-s---nd- γένος@n-s---nd- λαμπρός@a-s---na- ἐξαμαυρόω@v-pppama- τε@d-------- καί@c-------- σβέννυμι@v-pppama- διό@d-------- ἐγώ@p1s---md- δοκέω@v3ppia--- φιλόστοργος@a-p---mns πατήρ@n-p---mn- ἀπόλειψις@n-p---fa- χρηματίζω@v--pna--- κατά@r-------- υἱός@n-p---mg- ἀποσχοινίζω@v-pppamn- αὐτός@p-p---ma- ὁ@l-s---fg- οἰκία@n-s---fg- καί@c-------- συγγένεια@n-s---fg- ὅταν@c-------- ὁ@l-s---fa- ἐκ@r-------- φύσις@n-s---fg- ἐν@r-------- ὁ@l-p---md- γεννάω@v-papamd- περισσός@a-s---fa- καί@c-------- ὑπερβάλλω@v-sppafa- εὔνοια@n-s---fa- ὁ@l-s---fn- ἐν@r-------- ἐκεῖνος@p-p---md- μοχθηρία@n-s---fn- κατακρατέω@v3sasa---"
"Virtut._193","ὁ@l-s---na- δέ@d-------- ἀληθής@a-s---na- ὁ@l-s---mg- λόγος@n-s---mg- ῥᾴδιος@a-s---nn- καί@d-------- ἀπό@r-------- ’@r-------- ἕτερος@a-p---mg- διαγιγνώσκω@v--ana--- τίς@p-s---nn- ὁ@l-s---md- ὁ@l-p---fa- ὄψις@n-p---fa- πηρόω@v-srpemd- γίγνομαι@v3saom--- ἄν@g-------- εἰς@r-------- ὁ@l-s---na- βλέπω@v--pna--- ὄφελος@n-s---na- ὀξυωπία@n-s---fn- προγονικός@a-s---fn- ἤ1@c-------- πρός@r-------- ἑρμηνεία@n-s---fa- ὁ@l-s---md- παρίημι@v-sppemd- γλῶσσα@n-s---fa- ὁ@l-s---na- γονεύς@n-p---ma- ἤ1@c-------- πάππης@n-p---ma- γίγνομαι@v--anm--- μεγαλόφωνος@a-p---ma- τίς@p-s---na- δέ@d-------- ὀνίνημι@v3spia--- πρός@r-------- εὐτονία@n-s---fa- ὁ@l-s---ma- ἐκ@r-------- μακρός@a-s---fg- καί@c-------- φθινάς@n-s---fg- νόσος@n-s---fg- κατασκελεύσομαι@v-srpema- ἐάν@c-------- ὁ@l-p---mn- ὁ@l-s---ng- γένος@n-s---ng- ἀρχηγ́της@n-p---mn- διά@r-------- ἀθλητικός@a-s---fa- ῥώμη@n-s---fa- ἐν@r-------- ὀλυμπιονίκης@n-p---fd- ἤ1@c-------- περιοδονίκης@n-p---fd- γράφω@v3ppse--- μένω@v3ppia--- γάρ@d-------- οὐδείς@p-s---na- ἥσσων@a-s---nac ὁ@l-p---fn- ὁ@l-s---ng- σῶμα@n-s---ng- κήρ@n-p---fn- ἐν@r-------- ὅμοιος@a-s---nd- βελτίωσις@v3pasp--- οὐ@d-------- ἐνδέχομαι@v-pppefn- διά@r-------- ὁ@l-p---fa- ὁ@l-p---mg- οἰκεῖος@a-p---mg- εὐπραγία@n-p---fa-"
"Virtut._194","ὁ@l-s---ma- αὐτός@a-s---ma- δή@d-------- τρόπος@n-s---ma- οὐ@d-------- τε@d-------- ὁ@l-p---md- ἄδικος@a-p---md- δίκαιος@a-p---mn- γονεύς@n-p---mn- οὐ@d-------- τε@d-------- ἀκόλαστος@a-p---md- σώφρων@a-p---mn- οὐ@d-------- τε@c-------- ὅλος@d-------- ἀγαθός@a-p---mn- πονηρός@a-p---md- ὄφελος@n-s---nn- οὐ@d-------- δέ@d-------- γάρ@d-------- ὁ@l-p---mn- νόμος@n-p---mn- ὁ@l-p---md- παρανομέω@v-pppamd- ὅς@p-p---mg- εἰμί@v3ppia--- αὐτός@p-p---mn- κολαστής@n-p---mn- νόμος@n-p---mn- δέ@d-------- τις@a-p---mn- ἄγραφος@a-p---mn- καί@c-------- ὁ@l-p---mn- βίος@n-p---mn- ὁ@l-p---mg- ζηλόω@v-papamg- ὁ@l-s---fa- ἀρετή@n-s---fa-"
"Virtut._195","ὅθεν@d-------- οἴομαι@v1spie--- ὁ@l-s---fa- εὐγένεια@n-s---fa- εἰ@c-------- θεός@n-s---mn- αὐτός@p-s---fa- εἰς@r-------- ἀνθρωπόμορφος@a-s---fa- ἰδέα@n-s---fa- τύπω@v3saia--- ἵστημι@v-sapafa- πρός@r-------- ὁ@l-p---ma- ἀφηνιαστής@n-p---ma- ἀπόγονος@a-p---ma- οὗτος@p-p---na- ἄν@d-------- εἶπον@v--ana--- ὁ@l-s---nn- συγγενής@a-s---nn- οὐ@d-------- αἷμα@n-s---nd- μετρέω@v3spie--- μόνος@a-s---na- πρυτανεύω@v-sppafg- ἀλήθεια@n-s---fg- ἀλλά@c-------- πρᾶξις@n-p---fg- ὁμοιότης@n-s---fd- καί@c-------- θήρα@n-s---fd- ὁ@l-p---fg- αὐτός@a-p---fg- σύ@p-p---mn- δέ@d-------- ὁ@l-p---na- ἐναντίος@a-p---na- ἐπιτηδεύω@v2paia--- ὁ@l-p---na- μέν@d-------- ἐγώ@p-s---md- φίλος@a-p---na- νομίζω@v-papamn- ἐχθρός@a-p---na- ὁ@l-p---na- δέ@c-------- δυσμενής@a-p---na- φίλος@a-p---na- παρά@r-------- ἐγώ@p-s---md- μέν@d-------- γάρ@d-------- αἰδώς@n-s---fn- καί@d-------- ἀλήθεια@n-s---fn- μετριοπάθεια@a-s---fn- τε@d-------- καί@d-------- ἀτυφία@n-s---fn- καί@c-------- ἀκακία@n-s---fn- τίμιος@a-s---fn- παρά@r-------- ’@r-------- σύ@p-p---md- δέ@c-------- ἄτιμος@a-p---nn- καί@d-------- ἐγώ@p-s---md- μέν@d-------- ἐχθρός@a-p---nn- ὁ@l-s---nn- ἀναίσχυντος@a-s---nn- ὁ@l-s---nn- ψεῦδος@n-s---nn- ὁ@l-s---fn- ἀμετρία@n-s---fn- ὁ@l-p---ng- πάθος@n-p---ng- ὁ@l-s---mn- τῦφος@n-s---mn- ὁ@l-p---fn- κακία@n-p---fn- σύ@p-p---md- δέ@c-------- οἰκεῖος@a-p---nns"
"Virtut._196","τίς@p-s---na- δή@d-------- μελετάω@v-papamn- ἀλλοτρίωσις@n-s---fa- ὁ@l-s---fa- διά@r-------- ἔργον@n-p---ng- ὁ@l-s---fa- ἐν@r-------- λόγος@n-s---md- συγγένεια@n-s---fa- εὐπρεπής@a-s---na- ὄνομα@n-s---na- ὑποδύομαι@v-pppemn- καθυποκρίνομαι@v2ppme--- παραγωγή@a-p---fa- γάρ@d-------- καί@c-------- κομίζω@v-prpefa- ἀπάτη@n-p---fa- οὐ@d-------- ἀνέχω@v1spie--- διότι@c-------- ῥᾴδιος@a-s---nn- μέν@d-------- καί@d-------- ὁ@l-s---md- τυγχάνω@v-sapamd- εὐπρόσωπος@a-p---ma- λόγος@n-p---ma- εὑρίσκω@v--ana--- ἦθος@n-p---na- δέ@c-------- ὑπαλλάσσω@v--anm--- πονηρός@a-p---na- χρηστός@a-p---md- οὐ@d-------- ῥᾴδιος@a-s---nn-"
"Virtut._197","εἰς@r-------- ὅσπερ@p-p---na- ἀφοράω@v-sppafn- καί@d-------- νῦν@d-------- ἐχθρός@a-p---ma- νομίζω@v1spia--- καί@c-------- αὖθις@d-------- ἡγέομαι@v1sfim--- ὁ@l-p---ma- ὁ@l-p---na- ὁ@l-s---fg- ἔχθρα@n-s---fg- ὑπέκκαυμα@n-p---na- ζωπυρέω@v-papama- καί@c-------- μᾶλλον@d-------c ὁ@l-p---mg- εἰς@r-------- δυσγένεια@n-s---fa- ὀνειδίζω@v-pppemg- ὑποβλέπω@v1sfim--- οὗτος@p-p---md- μέν@d-------- γάρ@d-------- ἀπολογία@n-s---fn- ὁ@l-s---nn- μηδείς@p-s---na- οἰκεῖος@a-s---na- ἔχω@v--pna--- παράδειγμα@n-s---na- καί@d-------- αλοκἀγαθία@n-s---fg- ὑπόδικος@a-p---mn- δέ@c-------- σύ@p-p---mn- ὁ@l-p---mn- ἐκ@r-------- μέγας@a-p---mg- φύω@v-papamn- οἶκος@n-p---mg- ὅς@p-p---md- αὔχημα@n-s---nn- καί@c-------- κλέος@n-s---nn- ὁ@l-p---nn- λαμπρός@a-p---nn- γένος@n-p---nn- παρόμνυμι@v-prpemg- γάρ@d-------- καί@c-------- τρόπος@n-s---ma- τις@p-s---ma- συμφύω@v-prpamg- ἀρχέτυπος@a-p---ng- ἀγαθός@a-p---ng- οὐδείς@p-s---na- ἀπομάσσω@v--anm--- καλός@a-s---ma- διανοέω@v2paip---"
"Virtut._198","ὅτι@c-------- δέ@d-------- ἐν@r-------- ἀρετή@n-s---fg- κτάομαι@n-s---fd- τίθημι@v3spie--- ὁ@l-s---na- εὐγενής@a-s---na- καί@c-------- ὁ@l-s---ma- ἔχω@v-sppama- οὗτος@p-s---fa- εὐγενής@a-s---fa- μόνος@a-s---na- ὑπολαμβάνω@v3sria--- ἀλλά@c-------- οὐ@d-------- ὅστις@p-s---mn- ἄν@d-------- καλός@a-p---ng- καί@c-------- ἀγαθός@a-p---mg- γίγνομαι@v3sasm--- γονεύς@n-p---mg- δῆλος@a-s---nn- ἐκ@r-------- πολύς@a-p---mg-"
"Virtut._199","αὐτίκα@d-------- ὁ@l-p---ma- ἐκ@r-------- ὁ@l-s---ng- γηγενής@a-s---ng- φύω@v-papama- τις@p-s---mn- οὐ@d-------- ἄν@d-------- εὐπατρίδης@n-p---fa- εἶπον@v3saoa--- καί@c-------- εὐπατρίδης@a-p---mg- ἀρχηγέτης@n-p---ma- ὅς@p-p---mn- γένος@n-s---na- ἐξαιρετός@a-s---na- λαγχάνω@v3paia--- παρά@r-------- ὁ@l-p---ma- ἔπειτα@d-------- βλαστάνω@v-papamn- ἐκ@r-------- ὁ@l-p---fg- πρῶτος@a-p---fg- νυμφίος@n-p---ng- ἀνήρ@n-s---mg- τε@d-------- καί@c-------- γυνή@n-s---fg- τότε@d-------- πρῶτος@a-s---na- εἰς@r-------- ὁμιλία@n-s---fa- κοινός@a-s---fa- ἐπί@r-------- σπορά@n-s---fd- ὁ@l-s---ng- ὅμοιος@a-s---ng- συνέρχομαι@v-papamg- ἀλλά@d-------- ὅμως@d-------- δύο@a-d---ng- γίγνομαι@v-papmng- ὁ@l-s---mn- πρέσβυς@a-s---mnc ὑπομένω@v3saia--- ὁ@l-s---ma- νέος@a-s---mac δολοφονέω@v--ana--- καί@c-------- ὁ@l-s---na- μέγας@a-s---na- ἄγος@n-s---na- ἀδελφοκτονία@n-s---fa- ἐργάζομαι@v-sapmmn- πρῶτος@a-s---mn- αἷμα@n-s---nd- ἀνθρώπινος@a-s---nd- ὁ@l-s---fa- γῆ@n-s---fa- μιαίνω@v3siia---"
"Virtut._200","τίς@p-s---na- δή@d-------- οὗτος@p-s---ma- ὀνίνημι@v3saia--- ὁ@l-s---fn- εὐγένεια@n-s---fn- ὁ@l-s---fa- ἐν@r-------- ὁ@l-s---fd- ψυχή@n-s---fd- δυσγένεια@n-s---fa- ἐπιδείκνυμι@v-sapmma- ὅς@p-p---ng- καί@d-------- ὁ@l-s---mn- ὁ@l-p---ng- ἀνθρώπινος@a-p---ng- πρᾶγμα@n-p---ng- ἔφορος@n-s---mn- θεός@n-s---mn- εἶδον@v-sapamn- στυγέω@v3saia--- καί@c-------- προβάλλω@v-sppemn- ὁρίζω@v3saia--- τιμωρία@n-p---fa- οὐ@d-------- εὐθύς2@d-------- ἀναιρέω@v-sapamn- ὅπως@c-------- ἀναίσθητος@d-------- ἔχω@v3spsa--- συμφορά@n-p---fg- ἀλλά@c-------- μυρίος@a-p---ma- ἐπικρεμάννυμι@v-sapamn- ὁ@l-p---ma- ἐν@r-------- αἴσθησις@n-s---fd- θάνατος@n-p---ma- λύπη@n-p---fd- καί@c-------- φόβος@n-p---md- ἐπάλληλος@a-p---md- εἰς@r-------- κακός@a-p---ng- ὀδυνηρός@a-p---ngs ἀντίληψις@n-s---fa-"
"Virtut._201","γίγνομαι@v3saim--- δέ@d-------- τις@a-s---mn- ὁ@l-p---mg- μετά@r-------- οὗτος@p-p---na- σφόδρα@d-------- δόκιμος@a-p---mg- ἀνήρ@n-s---mn- ὅσιος@a-s---mns ὅς@p-s---mg- ὁ@l-s---fa- εὐσέβεια@n-s---fa- ἀνάγραπτος@a-s---fa- ἀξιόω@v3saia--- εἰμί@v--pna--- ἐν@r-------- ἱερός@a-p---fd- βίβλος@n-p---fd- ὁ@l-s---mn- ὁ@l-p---ma- νόμος@n-p---ma- διατάσσω@v-sapmmn- ὅς@p-s---mn- ἐν@r-------- ὁ@l-s---md- μέγας@a-s---md- κατακλυσμός@n-s---md- ὁ@l-p---fg- πόλις@n-p---fg- ἀφανίζω@v-pppefg- πανωλεθρία@n-s---fd- καί@d-------- γάρ@d-------- ὁ@l-p---ng- ὄρος@n-p---ng- ὁ@l-p---nn- ὑψηλός@a-p---nns ὁ@l-s---fd- συναυξάνω@n-s---fd- καί@c-------- ἐπίτασις@n-s---fd- ὁ@l-s---fg- περί@r-------- ὁ@l-s---fa- φορά@n-s---fa- πλήμμυρα@n-s---fg- καταπίνω@v3siie--- μόνος@a-s---mn- μετά@r-------- ὁ@l-p---mg- οἰκεῖος@a-p---mg- διασῴζω@v3spie--- ὁ@l-s---fg- καί@x-------- αλοκἀγαθία@n-s---fg- ἆθλον@n-s---ma- ἀείρω@v-sppmmn- ὅς@p-s---ng- μέγας@a-s---nac οὐ@d-------- εἰμί@v3spia--- εὑρίσκω@v--ana---"
"Virtut._202","ἀλλά@d-------- καί@d-------- οὗτος@p-s---md- τρεῖς@a-p---mg- γίγνομαι@v-papmmg- παῖς@n-p---mg- καί@c-------- συναπολαύω@v-prpamg- ὁ@l-s---fg- πατρῷος@a-s---fg- δωρεά@n-s---fg- εἷς@a-s---mn- τολμάω@v3saia--- ὁ@l-s---ma- αἴτιος@a-s---ma- ὁ@l-s---fg- σωτηρία@n-s---fg- πατήρ@n-s---ma- κατακερτομέω@v--pna--- γέλως@n-s---ma- καί@c-------- χλεύη@n-s---fa- εἰ@c-------- τις@p-s---nn- σφάλλω@v3saip--- μή@d-------- κατά@r-------- ἑκούσιος@a-s---fa- γνώμη@n-s---fa- τίθημι@v-sppemn- καί@c-------- ὁ@l-p---md- μή@d-------- οἶδα@v-prpamd- ἀπογυμνόω@v-sppamn- ὅς@a-p---na- κρύπτω@v--pna--- θέμις@n-s---fn- ἐπί@r-------- ὁ@l-s---fd- ὁ@l-s---mg- γεννάω@v-sapamg- αἰσχύνη@n-s---fd- τοιγάρ@d-------- οὐ@d-------- ὀνίνημι@v3saim--- ὁ@l-s---fg- λαμπρός@a-s---fg- εὐγένεια@n-s---fg- ἐπάρατος@a-s---mn- γίγνομαι@v-sapmmn- καί@c-------- ὁ@l-p---md- μετά@r-------- ’@r-------- αὐτός@p-s---ma- ἀρχή@n-s---fn- κακοδαιμονία@n-s---fg- ὅς@p-p---ng- ἄξιος@a-s---nn- εἰμί@v3siia--- τυγχάνω@v--pna--- ὁ@l-s---ma- ἀμελέω@v-srpama- γονεύς@n-p---mg- τιμή@n-s---fg-"
"Virtut._203","ἀλλά@c-------- τίς@p-s---na- οὗτος@p-p---ng- μιμνήσκω@v--rne--- προσήκω@v3siia--- ἀφίημι@v-sapmma- ὁ@l-s---ng- πρῶτος@a-s---ng- καί@c-------- γηγενής@a-s---ng- ὅς@p-s---mn- ἕνεκα@r-------- εὐγένεια@n-s---fg- οὐδείς@p-s---md- θνητός@a-s---md- σύγκριτος@a-s---mn- χείρ@n-p---fd- μέν@d-------- θεῖος1@a-p---fd- εἰς@r-------- ἀνδριάς@n-s---ma- ὁ@l-s---ma- σωματοειδής@a-s---ma- σχηματίζω@v-sappmn- ἄκρος@n-s---fd- τέχνη@n-s---fg- πλαστικός@a-s---fg- ψυχή@n-s---fg- δέ@c-------- ἀξιόω@v-sappmn- ἀπό@r-------- οὐδείς@p-s---mg- ἔτι@d-------- ὁ@l-p---mg- εἰς@r-------- γένεσις@n-s---fa- ἥκω@v-pppamg- ἐμπνέω@v-sapamg- θεός@n-s---mg- ὁ@l-s---fg- ἴδιος@a-s---fg- δύναμις@n-s---fg- ὅσος@a-s---na- δύναμαι@v3siie--- δέχομαι@v--anm--- θνητός@a-s---fn- φύσις@n-s---fn- ἆρα@d-------- ’@d-------- οὐ@d-------- ὑπερβολή@n-s---fn- τις@p-s---cn- εὐγένεια@n-s---fg- μηδείς@p-s---fd- ὁ@l-p---fg- ἄλλος@p-p---fg- ὅσος@a-p---fn- μετονομάζω@v3paip--- εἰς@r-------- σύγκρισις@n-s---fa- ἔρχομαι@v--ana--- δύναμαι@v-sppefn-"
"Virtut._204","ὁ@l-p---mg- μέν@d-------- γάρ@d-------- ὁ@l-s---nn- κλέος@n-s---nn- ἐκ@r-------- πρόγονος@n-p---mg- εὐτυχία@n-s---fg- ἄνθρωπος@n-p---mn- δέ@d-------- ὁ@l-p---mn- πρόγονος@a-p---mn- ζῷον@n-p---nn- ἐπίκηρος@a-p---nn- καί@c-------- φθαρτός@a-p---nn- καί@c-------- ὁ@l-p---fn- οὗτος@p-p---mg- ἀβέβαιος@a-p---fn- καί@c-------- ἐφήμερος@a-p---fn- ὁ@l-p---na- πολύς@a-p---na- εὐπραγία@n-p---fn- ὁ@l-s---mg- δέ@d-------- πατήρ@n-s---mn- μέν@d-------- θνητός@a-s---mn- οὐδείς@p-s---mn- ὁ@l-s---mn- δέ@d-------- ἀίδιος@a-s---mn- θεός@n-s---mn-"
"Virtut._205","ὅς@p-s---mg- τρόπος@n-s---ma- τις@a-s---ma- γίγνομαι@v-sapmmn- εἰκών@v-sapamn- κατά@r-------- ὁ@l-s---ma- ἡγεμών@n-s---ma- νόος@n-s---ma- ἐν@r-------- ψυχή@n-s---fd- δεῖ@v-sppann- ἀκηλίδωτος@a-s---fa- ὁ@l-s---fa- εἰκών@n-s---fa- φυλάσσω@v--ana--- κατά@r-------- ὅσος@a-s---na- οἷος@a-s---nn- τε@d-------- εἰμί@v3siia--- ἐπακολουθέω@v-sapama- ὁ@l-p---fd- ὁ@l-s---mg- γεννάω@v-sapamg- ἀρετή@n-p---fd- προτίθημι@v-pappng- εἰς@r-------- αἵρεσις@n-p---fa- καί@c-------- φυγάς@n-p---fa- ὁ@l-p---mg- ἐναντίος@a-p---mg- ἀγαθός@a-s---ng- καί@c-------- κακός@a-s---mg- καί@c-------- καλός@a-s---mg- καί@c-------- αἰσχρός@a-s---mg- καί@c-------- ἀληθής@a-s---mg- καί@c-------- ψευδής@a-s---mg- ὁ@l-p---na- μέν@d-------- ψευδής@a-p---na- καί@c-------- αἰσχρός@a-p---na- καί@c-------- κακός@a-p---na- πρόθυμος@d-------- αἱρέω@v3saim--- ὁ@l-p---ng- δέ@c-------- ἀγαθός@a-p---ng- καί@c-------- καλός@a-p---ng- καί@c-------- ἀληθής@a-p---ng- ἀλογέω@v3saia--- ἐπί@r-------- ὅς@p-p---nd- εἰκότως@d-------- θνητός@a-s---ma- ἀθάνατος@a-s---mg- βίος@n-s---ma- ἀνθυπαλλάσσω@v3saim--- μακαριότης@n-s---fg- καί@c-------- εὐδαιμονία@n-s---fg- σφάλλω@v-sappmn- καί@c-------- ῥᾴδιος@a-p---na- μεταβάλλω@v3saia--- εἰς@r-------- ἐπίπονος@a-s---fa- καί@c-------- κακοδαίμων@a-s---fa- ζωή@n-s---fa-"
"Virtut._206","ἀλλά@c-------- οὗτος@p-p---mn- μέν@d-------- εἰμί@v3ppma--- κοινός@a-p---mn- πᾶς@a-p---md- ἄνθρωπος@n-p---md- ὅρος@n-p---mn- ὁ@l-s---ng- μή@d-------- ἐπί@r-------- μέγας@a-p---nd- γένος@n-p---nd- σεμνύνω@v--pne--- ὁ@l-p---ma- καί@d-------- αλοκἀγαθία@n-s---fg- ἀμοιρέω@v-pppama- ἰουδαῖος@n-p---md- δέ@d-------- καί@d-------- ἕτερος@a-p---mn- δίχα@r-------- ὁ@l-p---ng- κοινός@a-p---ng- ἐξαιρετός@a-p---mn- ὁ@l-p---mg- γάρ@d-------- ὁ@l-s---ng- γένος@n-s---ng- ἀρχηγέτης@n-p---mg- εἰμί@v3ppia--- ὅς@p-p---ma- ὁ@l-p---fn- ὁ@l-p---mg- πρόγονος@n-p---mg- ἀρετή@n-p---fn- ὅλος@d-------- οὐδείς@p-s---na- ὀνίνημι@v3paia--- ἐπί@r-------- ’@r-------- ἐπίληπτος@a-p---fd- καί@c-------- ὑπαίτιος@a-p---fd- πρᾶξις@n-p---fd- ἁλίσκομαι@v-papama- εἰ@c-------- καί@d-------- πρός@r-------- ἕτερος@a-s---ng- μηδείς@p-s---ng- ἐλέγχω@v-pappma- ἀλλά@c-------- οὖν@d-------- ὑπό@r-------- ὁ@l-s---mg- σύνοιδα@v-srpang- ὅς@p-s---nn- μόνος@d-------- ἐκ@r-------- ἅπας@a-p---mg- δικαστήριον@n-s---nn- τέχνη@n-p---fd- λόγος@n-p---mg- οὐ@d-------- παράγω@v3spie---"
"Virtut._207","πολύπαις@n-s---mn- εἰμί@v3siia--- ὁ@l-s---mn- πρῶτος@a-s---mn- ἐκ@r-------- τρεῖς@p-p---fg- παιδοποιέω@v-sapmmn- γυνή@n-p---fg- οὐ@d-------- διά@r-------- ἡδονή@n-s---fg- ἀπόλαυσις@n-s---fa- ἀλλά@c-------- διά@r-------- ’@r-------- ἐλπίς@n-s---fa- ὁ@l-s---ng- πληθύω@v--ana--- ὁ@l-s---na- γένος@n-s---na- ἀλλά@d-------- ἐκ@r-------- πολύς@a-p---mg- εἷς@n-s---mn- μόνος@a-s---mn- ἀποδείκνυμι@v3saip--- κληρονόμος@n-s---mn- ὁ@l-p---ng- πατρῷος@a-p---ng- ἀγαθός@a-p---ng- ὁ@l-p---mn- δέ@c-------- ἄλλος@p-p---mn- πᾶς@a-p---mn- γνώμη@n-s---fg- ὑγιής@a-s---fg- σφάλλω@v-pappmn- καί@c-------- μηδείς@p-s---na- ὁ@l-p---ng- ὁ@l-s---mg- γεννάω@v-sapamg- ἀπομάχομαι@v-papmmn- διοικίζω@v3paip--- ἀλλοτριόω@v-pappmn- ὁ@l-s---fg- ἀοίδιμος@a-s---fg- εὐγένεια@n-s---fg-"
"Virtut._208","πάλιν@d-------- ἐκ@r-------- ὁ@l-s---ng- δοκιμάζω@v-sappng- κληρονόμος@n-s---mg- δύο@m-d---mn- δίδυμος@a-p---mn- γεννάω@v3ppie--- μηδείς@p-s---na- ὅτι@c-------- μή@d-------- χείρ@n-p---fa- καί@c-------- οὗτος@p-p---fa- ἕνεκα@r-------- τις@a-s---fg- οἰκονομία@n-s---fg- ὅμοιος@a-s---na- ἐπιφέρω@v-pppemn- μή@d-------- τε@d-------- ὁ@l-p---nd- σῶμα@n-p---nd- μή@d-------- τε@c-------- ὁ@l-p---fd- γνώμη@n-p---fd- ὁ@l-s---mn- μέν@d-------- γάρ@d-------- νέος@a-s---mnc καταπειθής@a-s---mn- ἀμφότερος@a-p---md- ὁ@l-p---md- γονεύς@n-p---md- εἰμί@v3siia--- καί@c-------- οὕτως@d-------- εὐάρεστος@a-s---mn- ὡς@c-------- καί@d-------- θεός@n-s---mg- τυγχάνω@v--ana--- ἐπαίνετος@n-s---mg- ὁ@l-s---mn- δέ@c-------- μέγας@a-s---mnc ἀπειθής@a-s---mn- ἐκ@r-------- ὁ@l-p---fg- γαστήρ@n-s---fg- καί@c-------- ὁ@l-p---fg- μετά@r-------- γαστήρ@n-s---fa- ἡδονή@n-p---fg- ἀκρατῶς@d-------- ἔχω@v-sppamn- ὑπό@r-------- ὅς@p-p---mg- ἀναπείθω@v3saip--- καί@d-------- πρέσβειον@a-p---mg- ἐξίστημι@v--pne--- ὁ@l-s---nd- μετά@r-------- αὐτός@p-s---ma- καί@c-------- μετανοέω@v--pna--- εὐθύς2@d-------- ἐπί@r-------- ὅς@p-p---nd- ἐξίστημι@v3saia--- καί@d-------- φονάω@v--pna--- κατά@r-------- ὁ@l-s---mg- ἀδελφός@n-s---mg- καί@c-------- μηδείς@p-s---na- ἕτερος@a-s---na- ἤ1@c-------- διά@r-------- ὅς@p-p---ng- λυπέω@v3sfia--- ὁ@l-p---ma- γονεύς@n-p---ma- πραγματεύομαι@v--pne---"
"Virtut._209","τοιγάρ@d-------- ὁ@l-s---md- μέν@d-------- εὐχή@n-p---fa- τίθημι@v3ppie--- ὁ@l-p---fa- ἄνω@d-------- βεβαιόω@v-sppamg- ἅπας@a-p---fa- θεός@n-s---mg- καί@c-------- μηδείς@p-s---fa- ἀξιόω@v-sapamg- ἀτελής@a-s---fa- καταλιμπάνω@v--ana--- ὁ@l-s---md- δέ@c-------- κατά@r-------- ἔλεος@n-s---ma- χαρίζω@v3ppie--- ὁ@l-s---fa- ὑπήκοος@a-s---fa- τάξις@n-s---fa- ἵνα@c-------- δουλεύω@v3spsa--- ὁ@l-s---md- ἀδελφός@n-s---md- νομίζω@v-pppamn- ὅσπερ@p-s---nn- εἰμί@v3spia--- ἀγαθός@a-s---na- εἰμί@v--pna--- ὁ@l-s---md- φαῦλος@a-s---nd- ὁ@l-s---na- μή@d-------- αὐτεξούσιος@a-s---na-"
"Virtut._210","καί@d-------- εἰ@c-------- γε@d-------- ὑπομένω@v3saia--- ὁ@l-s---fa- δουλεία@n-s---fa- ἄσμενος@a-s---mn- δευτερείων@a-p---ng- ἄν@d-------- ἀξιόω@v3siie--- ὡς@c-------- ἐν@r-------- ἆθλος@n-p---nd- ἀρετή@n-s---fg- νυνί@d-------- δέ@d-------- ἀπαυθαδιάζω@v-sapmmn- καί@c-------- δραπετεύω@v-sapamn- ὁ@l-s---fg- καλός@a-s---fg- ἐπιστασία@n-s---fg- ἑαυτοῦ@p-s---md- τε@d-------- καί@c-------- ὁ@l-p---md- ἀπόγονος@a-p---md- μέγας@a-p---ng- αἴτιος@a-s---mn- ὄνειδος@n-p---mg- γίγνομαι@v3saim--- ὡς@c-------- ὁ@l-s---ma- ἀβίωτος@a-s---ma- αὐτός@p-s---mg- βίος@n-s---ma- ἐστηλιτεύω@v--rne--- πρός@r-------- σαφής@a-s---mas ἔλεγχος2@n-s---ma- ὁ@l-s---ng- μηδείς@p-s---na- ὁ@l-s---fa- εὐγένεια@n-s---fa- ὠφελέω@v--pna--- ὁ@l-p---ma- ἀνάξιος@a-p---ma- εὐγένεια@n-p---fa-"
"Virtut._211","οὗτος@p-p---mn- μέν@d-------- οὖν@d-------- εἰμί@v3ppia--- ὁ@l-s---fg- ἐπίληπτος@a-s---fg- τάξις@n-s---fg- ὅς@p-p---ma- ἐκ@r-------- ἀγαθός@a-p---ng- πονηρός@a-p---ma- γίγνομαι@v-papmma- ὀνίνημι@v3paia--- μέν@d-------- οὐδείς@a-s---na- ὁ@l-p---fn- πατήρ@n-p---mg- ἀρετή@n-p---fn- ὁ@l-p---fn- δέ@c-------- ἐν@r-------- ὁ@l-s---fd- ψυχή@n-s---fd- κακία@n-p---fn- μυρίος@a-p---na- βλάπτω@v3paia--- ἔχω@v1spia--- δέ@d-------- εἶπον@v--ana--- ἕτερος@a-p---ma- ὁ@l-s---fa- ἐκ@r-------- ἐναντίος@a-s---fg- ἀμείνων@a-s---fac τάσσω@v-prpema- τάξις@n-s---fa- ὅς@p-p---md- πρόγονος@n-p---mn- μέν@d-------- ὑπαίτιος@a-p---mn- ζηλωτός@a-s---mn- δέ@c-------- καί@c-------- ἀνάπλεος@a-s---mn- εὐφημία@n-s---fg- ὁ@l-s---mn- βίος@n-s---mn-"
"Virtut._212","ὁ@l-s---ng- ὁ@l-p---mg- ἰουδαῖος@n-p---mg- ἔθνος@n-s---ng- ὁ@l-s---mn- πρέσβυς@a-s---mns γένος@n-s---nn- μέν@d-------- εἰμί@v3siia--- χαλδαῖος@a-s---mn- πατήρ@n-s---mg- δέ@c-------- ἀστρονομικός@a-s---mg- ὁ@l-p---mg- περί@r-------- ὁ@l-p---na- μάθημα@n-p---na- διατρίβω@v-pppamg- ὅς@p-p---mn- ὁ@l-p---ma- ἀστήρ@n-p---ma- θεός@n-p---ma- νομίζω@v3ppia--- καί@c-------- ὁ@l-s---ma- σύμπας@a-s---ma- οὐρανός@n-s---ma- τε@d-------- καί@c-------- κόσμος@n-s---ma- παρά@r-------- ὅς@p-p---ma- ὁ@l-s---na- τε@d-------- εὖ@x-------- καί@c-------- ὁ@l-s---na- χείρων@a-s---nac ἕκαστος@a-p---md- φημί@v3ppia--- ἀποβαίνω@v--pna--- οὐδείς@p-s---na- ἔξω@r-------- ὁ@l-p---fg- αἰσθητός@a-p---ng- αἴτιος@a-s---na- ὑπολαμβάνω@v-pppamn- εἰμί@v--pna---"
"Virtut._213","οὗτος@p-s---ng- δέ@d-------- τίς@p-s---nn- ἄν@d-------- εἰμί@v3spoa--- χαλεπός@a-s---nnc ἤ1@c-------- μᾶλλον@d-------c ἐξελέγχω@v--ana--- ὁ@l-s---fa- ἐν@r-------- ὁ@l-s---fd- ψυχή@n-s---fd- δυσγένεια@n-s---fa- δύναμαι@v-sppema- διά@r-------- ἐπιστήμη@n-s---fg- ὁ@l-p---mg- πολύς@a-p---mg- καί@c-------- δεύτερος@a-p---mgc καί@c-------- γενητός@a-p---mg- εἰς@r-------- ἀνεπιστημοσύνη@n-s---fa- εἶμι@v-sppafd- ὁ@l-s---ng- εἷς@a-s---mg- καί@c-------- πρέσβυς@a-s---mgs καί@c-------- ἀγένητος@a-s---mg- καί@c-------- ποιητής@n-s---mg- ὁ@l-p---ng- ὅλος@a-p---ng- καί@c-------- διά@r-------- τε@c-------- οὗτος@p-p---na- ἄριστος@a-s---mg- καί@c-------- διά@r-------- μυρίος@a-p---na- ἄλλος@p-p---na- ὅς@p-p---na- διά@r-------- μέγεθος@n-s---na- ἀνθρώπινος@n-s---mg- λογισμός@n-s---mn- οὐ@d-------- χωρέω@v3spia---"
"Virtut._214","ὅς@p-p---ng- ἔννοια@n-s---fa- λαμβάνω@v-sapamn- καί@c-------- ἐπιθειάζω@v-sapamn- καταλιμπάνω@v3spia--- μέν@d-------- πατρίς@n-s---fa- καί@d-------- γενεά@n-s---fa- καί@c-------- πατρῷος@a-s---ma- οἶκος@n-s---ma- οἶδα@v-srpamn- ὅτι@c-------- μένω@v-sppamg- μέν@d-------- ὁ@l-p---fn- ὁ@l-s---fg- πολύθεος@a-s---fg- δόξα@n-s---fg- ἐγκαταμένω@v3ppia--- ἀπάτη@n-p---fn- ἀνήνυτος@d-------- κατασκευάζω@v-pppafn- ὁ@l-s---fa- ὁ@l-s---mg- εἷς@a-s---mg- εὕρεσις@n-s---fa- ὅς@p-s---mn- εἰμί@v3spia--- ἀίδιος@a-s---mn- μόνος@a-s---mn- καί@c-------- ὅλος@a-p---mg- πατήρ@n-s---mn- νοητός@a-p---ng- τε@d-------- αὖ@d-------- καί@c-------- αἰσθητός@a-p---ng- εἰ@c-------- δέ@c-------- μετανίστημι@v3saoa--- μετανίστημι@v3sfim--- καί@d-------- ὁ@l-s---fg- διάνοια@n-s---fg- ὁ@l-s---fn- ἀπάτη@n-s---fn- μεθαρμόζω@v-sapmfg- ὁ@l-s---fa- ψευδής@a-s---fa- δόξα@n-s---fa- εἰς@r-------- ἀλήθεια@n-s---fa-"
"Virtut._215","ἅμα@d-------- δέ@d-------- καί@c-------- ὁ@l-s---ma- πόθος@n-s---ma- ὅς@p-s---ma- ποθέω@v3siia--- γιγνώσκω@v--ana--- ὁ@l-s---na- εἰμί@p-p---ng- προσανερρίπτω@v3saia--- λόγιον@n-p---na- χράω2@v-sappma- ὅς@p-p---nd- ποδηγέω@v-sppemn- ἐπί@r-------- ὁ@l-s---fa- ὁ@l-s---mg- εἷς@m-s---mg- ἄοκνος@a-s---fds σπουδή@n-s---fd- ζήτησις@n-s---fa- εἶμι@v3siia--- καί@d-------- οὐ@d-------- πρότερος@a-s---na- ἀνίημι@v3siia--- ἤ1@c-------- τρανής@a-p---fac λαμβάνω@v--ana--- φαντασία@n-s---fg- οὐ@d-------- ὁ@l-s---fg- οὐσία@n-s---fg- οὗτος@p-s---nn- γάρ@d-------- ἀμήχανος@a-s---nn- ἀλλά@c-------- ὁ@l-s---fg- ὕπαρξις@n-s---fg- αὐτός@p-s---ng- καί@c-------- πρόνοια@n-s---fg-"
"Virtut._216","διό@d-------- καί@d-------- πιστεύω@v--ana--- λέγω3@v3spie--- ὁ@l-s---md- θεός@n-s---md- πρῶτος@a-s---mn- ἐπεί@c-------- καί@d-------- πρῶτος@a-s---mn- ἀκλινής@a-s---fa- καί@c-------- βέβαιος@a-s---fa- ἔχω@v3saia--- ὑπόληψις@n-s---fa- ὡς@c-------- εἰμί@v3spia--- εἷς@a-s---nn- αἴτιος@a-s---nn- ὁ@l-s---nn- ἄνω@d-------- καί@c-------- προνοέω@v3spia--- ὁ@l-s---mg- τε@d-------- κόσμος@n-s---mg- καί@c-------- ὁ@l-p---mg- ἐν@r-------- αὐτός@p-s---md- κτάομαι@v-sapmmn- δέ@d-------- πίστις@n-s---fa- ὁ@l-s---fa- ὁ@l-p---fg- ἀρετή@n-p---fg- βέβαιος@a-s---fas συγκτάομαι@v3siie--- καί@d-------- ὁ@l-p---fa- ἄλλος@p-p---fa- ἅπας@a-p---fa- ὡς@c-------- παρά@r-------- ὁ@l-p---md- ὑποδέχομαι@v-papmmd- νομίζω@v--pne--- βασιλεύς@n-s---mn- οὐ@d-------- ὁ@l-p---fd- παρασκευή@n-p---fd- ἰδιώτης@n-s---mn- γάρ@d-------- εἰμί@v3siia--- ἀλλά@c-------- ὁ@l-s---nd- περί@r-------- ὁ@l-s---fa- ψυχή@n-s---fa- μέγεθος@n-s---nd- φρόνημα@n-s---ng- εἰμί@v-sppamn- βασιλικός@a-s---ng-"
"Virtut._217","καί@d-------- δῆτα@d-------- θεραπεύω@v-pppamn- αὐτός@p-s---ma- διατελέω@v3piia--- ὡς@c-------- ἄρχω@v-sppama- ὑπήκοος@a-p---mn- ὁ@l-s---na- περί@r-------- πᾶς@a-p---na- μεγαλεῖος@n-s---na- ὁ@l-s---fg- φύσις@n-s---fg- αὐτός@p-s---mg- καταπλήσσω@v-pppemn- τέλειος@a-s---fgc εἰμί@v-sppafg- ἤ1@c-------- κατά@r-------- ἄνθρωπος@n-s---ma- οὐ@d-------- δέ@d-------- γάρ@d-------- ὁμιλία@n-p---fd- χράομαι@v3siie--- ὁ@l-p---fd- αὐτός@a-p---fd- ἀλλά@c-------- ἐπιθειάζω@v-sppamn- ὁ@l-p---na- πολύς@a-p---na- σεμνός@a-p---fdc ὁπότε@c-------- γοῦν@d-------- κατασχεθεῖν@v3saop--- μεταβάλλω@v3siia--- πᾶς@a-p---na- πρός@r-------- ὁ@l-s---na- βελτίων@a-s---nac ὁ@l-p---fa- ὄψις@n-p---fa- ὁ@l-s---fa- χροιά@n-s---fa- ὁ@l-s---na- μέγεθος@n-s---na- ὁ@l-p---fa- σχέσις@n-p---fa- ὁ@l-p---fa- κίνησις@n-p---fa- ὁ@l-s---fa- φωνή@n-s---fa- ὁ@l-s---ng- θεῖος2@a-s---ng- πνεῦμα@n-s---ng- ὅσπερ@p-s---nn- ἄνωθεν@d-------- καταπνέω@v-sappnn- εἰσοικίζω@v3saim--- ὁ@l-s---fd- ψυχή@n-s---fd- περιτίθημι@v-sppamg- ὁ@l-s---nd- μέν@d-------- σῶμα@n-s---nd- κάλλος@n-s---na- ἐξαιρετός@a-s---na- ὁ@l-p---md- δέ@d-------- λόγος@n-p---md- πειθώ@n-s---fa- ὁ@l-p---md- δέ@d-------- ἀκούω@v-pppamd- σύνεσις@n-s---fa-"
"Virtut._218","ἆρα@d-------- ’@d-------- οὐ@d-------- ἄν@d-------- εἶπον@v2saoa--- ὁ@l-s---ma- μετανάστης@n-s---ma- οὗτος@a-s---ma- ὁ@l-s---ma- πᾶς@a-p---mg- ἐρῆμος@a-s---ma- οἰκεῖος@a-p---mg- καί@c-------- φίλος@n-p---mg- εὐγενής@a-s---mas εἰμί@v--pna--- ὁ@l-s---fg- πρός@r-------- θεός@n-s---ma- συγγένεια@n-s---fg- ὀρέγω@v-sappma- καί@c-------- σπουδάζω@v-sapama- μηχανή@n-s---fd- πᾶς@a-s---fd- γνώριμος@a-s---ma- αὐτός@p-s---md- γίγνομαι@v--anm--- καί@d-------- τάσσω@v-pappna- μέν@d-------- τάξις@n-s---fa- ἄριστος@a-s---fas ὁ@l-s---fa- ἐν@r-------- προφήτης@n-p---md- πιστεύω@v-sapama- δέ@d-------- μηδείς@p-s---md- ὁ@l-p---ng- ἐν@r-------- γένεσις@n-s---fd- πρό@r-------- ὁ@l-s---mg- ἀγένητος@a-s---mg- καί@c-------- πᾶς@a-p---mg- πατήρ@n-s---mg- καί@c-------- βασιλεύς@n-s---ma- δέ@d-------- ὡς@c-------- φημί@v1siia--- παρά@r-------- ὁ@l-p---md- ὑποδέχομαι@v-papmmd- νομίζω@v-sappma- μή@d-------- τε@d-------- ὅπλον@n-p---nd- μή@d-------- τε@c-------- στρατιωτικός@a-p---fd- δύναμις@n-p---fd- ὡς@c-------- ἔνιοι@a-p---md- ἔθος@n-s---nn- λαμβάνω@v-sapama- ὁ@l-s---fa- ἀρχή@n-s---fa- ἀλλά@c-------- χειροτονία@n-s---fd- θεός@n-s---mg- ὁ@l-s---mg- φιλάρετος@a-s---mg- ὁ@l-p---ma- εὐσέβεια@n-s---fg- ἐραστής@n-p---ma- αὐτοκρατής@a-p---fd- ἐξουσία@n-p---fd- γεραίρω@v-sppamg- ἐπί@r-------- ὠφέλεια@n-s---fd- ὁ@l-p---mg- συντυγχάνω@v-pppamg-"
"Virtut._219","οὗτος@p-s---mn- ἅπας@a-p---md- ἐπηλύτης@n-p---md- εὐγένεια@n-s---fg- εἰμί@v3spia--- κανών@n-s---mn- δυσγένεια@n-s---fa- μέν@d-------- ὁ@l-s---fa- ἐκ@r-------- ἀλλόκοτος@a-p---mg- νόμος@n-p---mg- καί@c-------- ἔκθεσμος@a-p---ng- ἔθος@n-p---ng- ὅς@p-p---na- λίθος@n-p---md- καί@d-------- ξύλον@n-p---nd- καί@c-------- ὅλος@d-------- ἄψυχος@a-p---nd- ἰσόθεος@a-p---fa- ἀπονέμω@v3saia--- τιμή@n-p---fa- καταλιμπάνω@v-papamd- καλός@a-s---fa- δέ@c-------- ἀποικία@n-s---fa- στέλλω@v-papmmd- πρός@r-------- ἔμψυχος@a-s---fa- ὁ@l-s---nd- εἰμί@v-sppand- καί@c-------- ζάω@v-sppafa- πολιτεία@n-s---fa- ὅς@p-s---fg- ἔφορος@n-s---mn- καί@c-------- ἐπίσκοπος@n-s---mn- ἀλήθεια@n-s---fn-"
"Virtut._220","οὗτος@a-s---fa- ὁ@l-s---fa- εὐγένεια@n-s---fa- οὐ@d-------- μόνος@a-s---na- θεοφιλής@a-p---mn- ἀνήρ@n-p---mn- ἀλλά@c-------- καί@d-------- γυνή@n-p---fn- ζηλόω@v3paia--- ἀπομανθάνω@v-papafn- μέν@d-------- ἀμαθία@n-s---fa- ὁ@l-s---fa- σύντροφος@a-s---fa- περί@r-------- τιμή@n-s---fg- ὁ@l-p---mg- χειροκμήτος@n-p---mg- παιδεύω@v-pppafn- δέ@c-------- ὁ@l-s---fa- περί@r-------- μοναρχία@n-s---fg- ἐπιστήμη@n-s---fa- ὅς@p-s---fd- μοναρχέω@v3spie--- ὁ@l-s---mn- κόσμος@n-s---mn-"
"Virtut._221","θάμαρ@n-s---fn- εἰμί@v3siia--- ὁ@l-p---mg- ἀπό@r-------- ὁ@l-s---fg- παλαιστίνη@n-s---fg- συρία@n-s---fg- γύναιον@n-s---nn- ἐν@r-------- οἰκία@n-s---fd- καί@c-------- πόλις@n-s---fd- τρέφω@v-sappnn- πολύθεος@a-s---fd- γέμω@v-sapafd- ξόανον@n-p---ng- καί@c-------- ἄγαλμα@n-p---ng- καί@c-------- ὅλος@n-s---fg- ἀφιδρύμαλλος@n-p---ng- ἀλλά@d-------- ἐπεί@c-------- καθά@d-------- ἐκ@r-------- σκότος@n-s---ng- βαθύς@a-s---ng- δύναμαι@v3saip--- βραχύς@a-s---fa- αὐγή@n-s---fa- ἀλήθεια@n-s---fg- εἶδον@v--ana--- θάνατος@n-s---mg- κίνδυνος@n-s---md- πρός@r-------- εὐσέβεια@n-s---fa- αὐτομολέω@v3saia--- ὀλίγος@a-p---na- φροντίζω@v-sapafn- ὁ@l-s---ng- ζάω@v--pna--- εἰ@c-------- μή@d-------- μέλλω@v3spoa--- καλός@d-------- ζάω@v--pna--- ὁ@l-s---na- δέ@d-------- καλός@d-------- ἀναφέρω@v3siia--- ἐπί@r-------- οὐδείς@p-s---na- ἕτερος@a-s---na- ἤ1@c-------- ὁ@l-s---fa- θεραπεία@n-s---fa- καί@c-------- ἱκεσία@n-s---fa- ὁ@l-s---ng- εἷς@m-s---mg- αἴτιος@n-s---ng-"
"Virtut._222","καίτοι@d-------- δύο@a-p---md- ἀδελφός@n-p---md- ἀμφότερος@a-p---md- πονηρός@a-p---md- ἐν@r-------- μέρος@n-s---nd- γαμέω@v-sapmfn- κουρίδιος@a-s---md- μέν@d-------- ὁ@l-s---md- πρότερος@a-s---md- ὁ@l-s---md- δέ@c-------- ὕστερος@a-s---md- κατά@r-------- ἐπιδικασία@n-s---fg- νόμος@n-s---ma- γενεά@n-s---fa- ὁ@l-s---mg- πρότερος@a-s---mg- μή@d-------- καταλιμπάνω@v-sapamg- ἀλλά@c-------- ὅμως@d-------- ἀκηλίδωτος@a-s---fa- διαφυλάσσω@v-sapafn- ὁ@l-s---ma- ἑαυτοῦ@p-s---fg- βίος@n-s---ma- ἰσχύω@v3saia--- καί@d-------- ὁ@l-s---fg- προσήκω@v-sppafg- ὁ@l-p---md- ἀγαθός@a-p---md- εὐφημία@n-s---fg- ἐπιλαγχάνω@v--pna--- καί@c-------- ὁ@l-p---md- μετά@r-------- αὐτός@p-s---fa- ἅπας@a-p---md- εὐγένεια@n-s---fg- ἀφορμή@n-s---fn- γίγνομαι@v--anm--- ἀλλά@c-------- οὗτος@p-s---fn- μέν@d-------- εἰ@c-------- καί@d-------- ἀλλόφυλος@a-s---fn- ἀλλά@c-------- οὖν@d-------- γε@d-------- ἐλεύθερος@a-s---fn- καί@c-------- ἐκ@r-------- ἐλεύθερος@a-p---fg- καί@c-------- οὐ@d-------- ἄσημος@a-s---fn- ἴσως@d--------"
"Virtut._223","θεράπαινα@n-p---fn- δέ@d-------- ὁ@l-p---mg- ὑπέρ@r-------- εὐφράτης@n-s---ma- ἐν@r-------- ἐσχατιά@n-p---fd- ὁ@l-s---fg- βαβυλών@n-s---fg- γεννάω@v-pappfn- προικίδιος@n-p---fn- μέν@d-------- δίδωμι@v3paip--- γαμέω@v-pppefd- ὁ@l-p---fd- τρόφιμος@n-p---fd- ἄξιος@a-p---fn- δέ@c-------- κρίνω@v-pappfn- παρέρχομαι@v--ana--- εἰς@r-------- εὐνή@n-s---fa- ἀνήρ@n-s---mg- σοφός@a-s---mg- ὁ@l-s---na- μέν@d-------- πρῶτος@a-s---na- ἐκ@r-------- παλλακίς@n-p---fg- εἰς@r-------- γαμετή@n-p---mg- ὄνομα@n-s---na- καί@c-------- σχῆμα@n-s---na- παρέρχομαι@v3paia--- καί@c-------- ἀντί@r-------- θεραπαινίς@n-p---fg- ἰσότιμος@v-sppamd- ὁ@l-p---fd- δέσποινα@n-p---fd- ὀλίγος@a-s---ng- δέω@n-s---ng- φημί@v--pna--- καθίστημι@v3paia--- ὑπό@r-------- ἐκεῖνος@p-p---mg- ὅσπερ@p-s---nn- εἰμί@v3siia--- ἄπιστος@a-s---nns πρός@r-------- ὁ@l-s---na- αὐτός@a-s---na- ἀξίωμα@n-s---na- διακομίζω@v-pappfn- φθόνος@n-s---mn- γάρ@d-------- οὐ@d-------- εἰσοικίζω@v3spie--- σοφός@a-p---mg- ψυχή@n-p---fd- ὅς@p-s---mg- μή@d-------- πάρειμι1@v-sppamg- κοινοπραγέω@v3ppia--- ὁ@l-p---ng- ἀγαθός@a-p---ng-"
"Virtut._224","ὁ@l-p---mn- δέ@d-------- ἐκ@r-------- οὗτος@p-p---ng- νόθος@a-p---mn- παῖς@n-p---mn- γνήσιος@a-p---mg- οὐδείς@p-s---na- διαφέρω@v3paia--- οὐ@d-------- μόνος@d-------- παρά@r-------- ὁ@l-s---md- γεννάω@v-sapamd- θαυμαστός@a-s---nn- γάρ@d-------- οὐδείς@p-s---nn- εἰ@c-------- ὁ@l-p---md- μή@d-------- ὁμογάστριος@a-p---md- ὁ@l-s---mn- πᾶς@a-p---mg- κοινός@a-s---mn- πατήρ@n-s---mn- ὁ@l-s---fa- αὐτός@a-s---fa- εὔνοια@n-s---fa- παρέχω@v3siia--- ἀλλά@c-------- καί@d-------- παρά@r-------- ὁ@l-p---fd- μητρυιά@n-p---fd- ὁ@l-p---fn- μέν@d-------- γάρ@d-------- ὁ@l-s---na- πρός@r-------- προγονός@n-p---ma- μῖσος@n-s---na- ἀναιρέω@v-pppefn- εἰς@r-------- ἄλεκτος@n-s---ma- μεθαρμόζω@v3paim--- κηδεμονία@n-s---fa- ὁ@l-p---mn- δέ@d-------- προγονός@n-p---mn- ὁ@l-s---fd-"
"Virtut._225","κατά@r-------- ’@r-------- ἀντίδοσις@n-s---fa- εὔνοια@n-s---fd- ὁ@l-p---fa- μητρυιά@n-p---fa- ὡς@c-------- φύσις@n-s---fd- μήτηρ@n-p---fa- ἐκτιμάω@v3paia--- ἀδελφός@n-p---mn- τε@d-------- μέρος@n-s---nd- ἥμισυς@a-s---nd- ὁ@l-s---ng- γένος@n-s---ng- νομίζω@v-pappmn- οὐ@d-------- ἐπί@r-------- ἥμισυς@n-s---fd- στέργω@v--pna--- ἀλλήλων@p-p---ma- ἀξιόω@v3paia--- ἀλλά@c-------- εἰς@r-------- ὁ@l-s---na- διπλάσιος@a-s---na- ὁ@l-s---na- ὁ@l-s---ng- φιλέω@v--pna--- καί@c-------- ἀντιφιλέω@v--pne--- πάθος@n-s---na- συναυξάνω@v-papamn- καί@c-------- ὁ@l-s---na- δοκέω@v-sppana- ὑστερίζω@v--pna--- προσαπληρόω@v3paia--- ὁ@l-p---md- ἐκ@r-------- ἄμφω@a-d---mg- γίγνομαι@v-prpand- εἰς@r-------- ἁρμονία@n-s---fa- καί@c-------- κρᾶσις@n-s---fa- ἦθος@n-p---fg- συντρέχω@v--ana--- σπουδάζω@v-papamn-"
"Virtut._226","τίς@p-------- τοίνυν@d-------- μεταδοτέον@a-s---nn- ὁ@l-p---md- ὡς@c-------- ἴδιος@a-s---na- ἀγαθός@a-s---nn- ὁ@l-s---na- ἀλλότριος@a-s---na- εὐγένεια@n-s---fa- ὑποδύομαι@v-pppend- ὅς@l-p---mn- δίχα@r-------- ὁ@l-p---ng- ἐρῶ@v-prpeng- ἐχθρός@n-p---mn- δίκαιος@d-------- ἄν@d-------- νομίζω@v3ppoa--- καί@d-------- ὁ@l-s---ng- ὁ@l-p---mg- ἰουδαῖος@n-p---mg- ἔθνος@n-s---ng- καί@c-------- ὁ@l-p---ng- πανταχοῦ@d-------- πᾶς@a-p---ng- ὁ@l-s---ng- μέν@d-------- ὅτι@c-------- δίδωμι@v3ppia--- ὁ@l-p---md- ὁμόφυλος@a-p---md- ἐκεχειρία@n-s---fa- ὀλιγωρέω@v--pna--- ὑγιαίνω@v-sppamg- βίος@n-s---mg- καί@c-------- βέβαιος@a-s---ng- πεποίθησις@v3slia--- προγονικός@a-s---fg- ἀρετή@n-s---fg- ὁ@l-p---ng- δέ@c-------- ὅτι@c-------- καί@d-------- ἄν@c-------- ἐπί@r-------- ’@r-------- αὐτός@p-s---fa- φθάνω@v3pasa--- ἀκρότης@n-s---fa- καί@c-------- αλοκἀγαθία@n-s---fg- οὐδείς@p-s---na- ὠφελέω@v3sfip--- διά@r-------- ὁ@l-s---na- μή@d-------- τυγχάνω@v--ana--- γονεύς@n-p---mg- καί@c-------- πάππος@n-p---mg- ἀνεπιλήπτος@a-p---mg-"
"Virtut._227","ὅς@p-s---fg- οὐ@d-------- οἶδα@v1sria--- εἰ@c-------- τις@a-s---fn- βλαβερός@a-s---fnc γίγνομαι@v3saom--- ἄν@d-------- εἰσήγησις@n-s---fn- εἰ@c-------- μή@d-------- τε@d-------- ὁ@l-p---md- ἐκ@r-------- ἀγαθός@a-p---ng- πονηρευομένος@v-pppemd- ἐπακολουθέω@v3sfia--- τιμωρός@a-s---fn- δίκη@n-s---fn- μή@d-------- τε@c-------- ὁ@l-p---nd- ἐκ@r-------- πονηρός@a-p---ng- ἀγαθός@a-p---nd- ἕπομαι@v3sfim--- τιμή@n-s---fn- ὁ@l-s---mg- νόμος@n-s---mg- δοκιμάζω@v-sppamg- ἕκαστος@a-s---ma- αὐτός@p-s---ma- ἐπί@r-------- ἑαυτοῦ@p-s---mg- καί@c-------- μή@d-------- συγγενής@a-p---mg- ἀρετή@n-p---fd- ἤ1@c-------- κακία@n-p---fd- ἐπαινέω@v-sppamg- ἤ1@c-------- κολάζω@v-sppamg-"
